0 0.887286 0.878218 0.0421435 0.0656056
1 0.596018 0.719446 0.031423 0.0463042
0 0.894868 0.783072 0.0428896 0.0618923
0 0.668753 0.276747 0.0466118 0.0617292
0 0.0244509 0.131068 0.0441028 0.0666253
1 0.582139 0.794123 0.0241669 0.0351763
0 0.817235 0.315453 0.0425297 0.0622312
1 0.744723 0.980072 0.0270556 0.0398563
0 0.884106 0.723344 0.0393005 0.054771
1 0.798529 0.580313 0.026236 0.036211
0 0.131247 0.0732398 0.0449135 0.0643287
0 0.940935 0.643078 0.0365745 0.0492619
1 0.563348 0.878459 0.0388756 0.0494589
0 0.957525 0.720975 0.0452969 0.0596823
0 0.0616489 0.852733 0.0417687 0.0597249
0 0.855237 0.780944 0.043334 0.0668819
0 0.406845 0.943431 0.0398896 0.0573851
0 0.669957 0.333934 0.041009 0.0570441
0 0.485199 0.939438 0.0412397 0.061989
0 0.85055 0.889059 0.0381474 0.055278
1 0.808377 0.672965 0.0275318 0.0377471
0 0.517363 0.201327 0.0450086 0.0616499
0 0.850615 0.663101 0.035301 0.0551028
0 0.896762 0.491152 0.0376934 0.0489324
0 0.101222 0.233159 0.0484655 0.063141
1 0.644996 0.522812 0.0258516 0.0347879
0 0.442923 0.422464 0.0494328 0.0652673
0 0.0446215 0.715831 0.0449692 0.060991
0 0.0566652 0.0821006 0.0444172 0.0657108
0 0.0220713 0.188555 0.0430569 0.0543415
0 0.513095 0.0973924 0.0479006 0.0684028
0 0.406406 0.196817 0.0466545 0.0618078
1 0.836911 0.471616 0.0255573 0.0355899
0 0.0243884 0.298369 0.0425609 0.0617688
0 0.946804 0.541388 0.0387241 0.0497623
0 0.105168 0.950986 0.0314199 0.0487394
0 0.679289 0.215434 0.0370163 0.0540107
0 0.399571 0.25849 0.0436097 0.0615151
0 0.0970045 0.730682 0.0347082 0.0480026
0 0.957698 0.582481 0.035609 0.0467286
0 0.10207 0.346388 0.0422563 0.0614194
0 0.96761 0.815333 0.0462045 0.0606414
0 0.206557 0.661874 0.036036 0.052965
1 0.796039 0.61298 0.0213993 0.0288752
0 0.984716 0.85811 0.0305686 0.054689
0 0.143092 0.444954 0.0418487 0.0571144
0 0.324162 0.199885 0.0481887 0.0673417
0 0.530014 0.915663 0.0369589 0.0560336
0 0.144775 0.499039 0.0466218 0.0601576
0 0.983808 0.931071 0.0323841 0.0605503
0 0.0404098 0.665533 0.0410649 0.0539385
0 0.179901 0.895495 0.0299859 0.0476483
0 0.797162 0.14904 0.0354505 0.0548925
0 0.838371 0.161327 0.0330395 0.0470385
0 0.174054 0.395613 0.0416552 0.0638583
0 0.587395 0.3683 0.0435019 0.0624564
0 0.374603 0.136957 0.0446569 0.0639103
0 0.44029 0.257585 0.0435777 0.0638502
0 0.0932892 0.0745853 0.0406052 0.0600636
0 0.333519 0.950148 0.0369221 0.0550816
0 0.477625 0.201208 0.0400514 0.058088
0 0.177109 0.837385 0.0272091 0.0395561
0 0.105778 0.452378 0.0388037 0.0532856
0 0.124014 0.613771 0.0381212 0.0512352
0 0.983081 0.605599 0.0309273 0.054866
0 0.0345763 0.618372 0.0478488 0.0592856
0 0.88368 0.658994 0.0386343 0.0590293
0 0.0457029 0.767386 0.0476422 0.0599463
0 0.100383 0.788983 0.0345825 0.0459721
0 0.0308376 0.355529 0.0476385 0.0619559
0 0.069406 0.957276 0.0332456 0.0455039
0 0.718202 0.692528 0.0377827 0.0558227
0 0.127405 0.666513 0.0356887 0.0519677
0 0.142008 0.900092 0.0311981 0.0452203
0 0.103942 0.399645 0.0393674 0.0555929
0 0.70955 0.398505 0.040377 0.0567835
0 0.770018 0.232976 0.029105 0.0456279
0 0.0587796 0.176095 0.0415039 0.0643944
0 0.850069 0.724792 0.032164 0.046384
1 0.219856 0.261603 0.0308425 0.0427544
0 0.941243 0.127411 0.0268486 0.0415007
