0 0.513198 0.0944757 0.050058 0.0713053
0 0.406282 0.944269 0.0415826 0.0559097
1 0.595887 0.720064 0.0349071 0.0492252
0 0.373604 0.132473 0.0470897 0.064916
0 0.516698 0.201334 0.0459417 0.0655868
0 0.484708 0.940079 0.0413687 0.0625057
0 0.669109 0.27525 0.0491415 0.0656832
0 0.886654 0.87869 0.0442055 0.0675947
0 0.894117 0.783109 0.0449051 0.0644477
0 0.0228127 0.130759 0.0456254 0.0692717
0 0.405078 0.191899 0.047733 0.0671087
0 0.816857 0.314793 0.0467456 0.0656042
1 0.808076 0.670351 0.0293967 0.0400526
0 0.322332 0.198095 0.0502393 0.0686601
0 0.445964 0.0877445 0.0434244 0.0588927
1 0.581817 0.792954 0.0241276 0.0357181
0 0.130887 0.0706664 0.0458837 0.0660913
0 0.0564451 0.0803178 0.0456153 0.0683227
0 0.0615003 0.850703 0.0428661 0.0621643
0 0.100119 0.228706 0.0504967 0.0680516
0 0.585918 0.367617 0.0457567 0.0651678
0 0.670803 0.333336 0.0432649 0.0574654
0 0.441568 0.420321 0.0498356 0.0726714
0 0.0433254 0.713645 0.0477085 0.0623025
0 0.173675 0.395837 0.0406707 0.0652365
0 0.0954715 0.731279 0.0363958 0.0524537
1 0.543281 0.342255 0.0322637 0.0472522
0 0.144405 0.496015 0.048435 0.0681058
1 0.744586 0.979025 0.0309416 0.0402467
0 0.325228 0.258606 0.0496079 0.0614552
0 0.0940008 0.0726073 0.0442855 0.0649411
0 0.399072 0.255942 0.0451744 0.0633808
0 0.531039 0.915419 0.0383061 0.0567673
1 0.20733 0.187992 0.0278666 0.0420888
1 0.799744 0.579128 0.0285818 0.0388355
0 0.439214 0.258155 0.0446359 0.0667072
0 0.478789 0.200343 0.0424622 0.0605143
0 0.0465518 0.76557 0.0481235 0.0587657
0 0.358436 0.473316 0.0432297 0.060893
0 0.10216 0.34472 0.0457764 0.0644719
0 0.39951 0.315162 0.0449029 0.060134
0 0.7967 0.145874 0.0372642 0.0578916
0 0.0996887 0.287318 0.0446759 0.0630044
0 0.715833 0.691628 0.0382067 0.0565311
0 0.679113 0.21132 0.041148 0.0581623
0 0.174725 0.776257 0.0346643 0.0483931
0 0.205479 0.659732 0.0363083 0.0535123
0 0.0396155 0.662886 0.0484093 0.0583517
0 0.323458 0.312077 0.0432515 0.0568453
0 0.123203 0.615169 0.0384997 0.0542089
0 0.169592 0.281899 0.0438849 0.0679299
0 0.981827 0.929292 0.0363459 0.0643086
1 0.836743 0.470751 0.0260467 0.034251
0 0.883442 0.722404 0.040451 0.056664
0 0.357672 0.416559 0.0408219 0.0560936
0 0.44694 0.146438 0.0430416 0.0612652
0 0.708341 0.396473 0.0407029 0.0575386
0 0.0938733 0.174669 0.043326 0.0567158
0 0.0586889 0.176276 0.0438041 0.0655849
0 0.161449 0.607754 0.0362117 0.0524068
0 0.0646683 0.355962 0.0430626 0.065759
0 0.0233043 0.186559 0.0413261 0.0547759
0 0.328673 0.135482 0.0359336 0.052074
0 0.140008 0.341215 0.0419963 0.0630054
0 0.983555 0.856523 0.0328897 0.0613844
0 0.5689 0.930919 0.0383793 0.0553299
0 0.0240781 0.297227 0.0396201 0.0593257
0 0.0313542 0.353177 0.0453948 0.0595283
0 0.85047 0.88928 0.0383679 0.0585246
1 0.562061 0.878693 0.0410495 0.0478449
0 0.203572 0.338093 0.0453031 0.0612165
1 0.644918 0.52105 0.0262889 0.0387427
0 0.395772 0.372156 0.0390611 0.052586
0 0.0598392 0.293252 0.0431854 0.0601937
0 0.179759 0.894046 0.0336046 0.0490276
0 0.967185 0.811069 0.0456034 0.0590601
0 0.320948 0.416723 0.0388392 0.0594907
0 0.848801 0.661933 0.0337357 0.0565734
0 0.131992 0.177364 0.0420869 0.0631217
0 0.982487 0.604297 0.0332028 0.0570607
0 0.13498 0.284122 0.0397422 0.0599834
0 0.896099 0.4899 0.0380215 0.0573071
0 0.958274 0.720606 0.0421973 0.0581729
0 0.16713 0.662942 0.0354802 0.0503505
0 0.851816 0.782966 0.0496853 0.0720783
0 0.103907 0.397978 0.0419972 0.0574233
0 0.100218 0.844898 0.0314386 0.046035
0 0.606278 0.22183 0.0353653 0.0497128
0 0.177935 0.836785 0.027339 0.0372783
0 0.165047 0.119858 0.0395404 0.0543436
1 0.207676 0.0195926 0.0338765 0.0391853
0 0.167093 0.175614 0.0416755 0.0593987
0 0.685128 0.0393295 0.035127 0.0499118
0 0.887286 0.878218 0.0421435 0.0656056
1 0.596018 0.719446 0.031423 0.0463042
0 0.894868 0.783072 0.0428896 0.0618923
0 0.668753 0.276747 0.0466118 0.0617292
0 0.0244509 0.131068 0.0441028 0.0666253
1 0.582139 0.794123 0.0241669 0.0351763
0 0.817235 0.315453 0.0425297 0.0622312
1 0.744723 0.980072 0.0270556 0.0398563
0 0.884106 0.723344 0.0393005 0.054771
1 0.798529 0.580313 0.026236 0.036211
0 0.131247 0.0732398 0.0449135 0.0643287
0 0.940935 0.643078 0.0365745 0.0492619
1 0.563348 0.878459 0.0388756 0.0494589
0 0.957525 0.720975 0.0452969 0.0596823
0 0.0616489 0.852733 0.0417687 0.0597249
0 0.855237 0.780944 0.043334 0.0668819
0 0.406845 0.943431 0.0398896 0.0573851
0 0.669957 0.333934 0.041009 0.0570441
0 0.485199 0.939438 0.0412397 0.061989
0 0.85055 0.889059 0.0381474 0.055278
1 0.808377 0.672965 0.0275318 0.0377471
0 0.517363 0.201327 0.0450086 0.0616499
0 0.850615 0.663101 0.035301 0.0551028
0 0.896762 0.491152 0.0376934 0.0489324
0 0.101222 0.233159 0.0484655 0.063141
1 0.644996 0.522812 0.0258516 0.0347879
0 0.442923 0.422464 0.0494328 0.0652673
0 0.0446215 0.715831 0.0449692 0.060991
0 0.0566652 0.0821006 0.0444172 0.0657108
0 0.0220713 0.188555 0.0430569 0.0543415
0 0.513095 0.0973924 0.0479006 0.0684028
0 0.406406 0.196817 0.0466545 0.0618078
1 0.836911 0.471616 0.0255573 0.0355899
0 0.0243884 0.298369 0.0425609 0.0617688
0 0.946804 0.541388 0.0387241 0.0497623
0 0.105168 0.950986 0.0314199 0.0487394
0 0.679289 0.215434 0.0370163 0.0540107
0 0.399571 0.25849 0.0436097 0.0615151
0 0.0970045 0.730682 0.0347082 0.0480026
0 0.957698 0.582481 0.035609 0.0467286
0 0.10207 0.346388 0.0422563 0.0614194
0 0.96761 0.815333 0.0462045 0.0606414
0 0.206557 0.661874 0.036036 0.052965
1 0.796039 0.61298 0.0213993 0.0288752
0 0.984716 0.85811 0.0305686 0.054689
0 0.143092 0.444954 0.0418487 0.0571144
0 0.324162 0.199885 0.0481887 0.0673417
0 0.530014 0.915663 0.0369589 0.0560336
0 0.144775 0.499039 0.0466218 0.0601576
0 0.983808 0.931071 0.0323841 0.0605503
0 0.0404098 0.665533 0.0410649 0.0539385
0 0.179901 0.895495 0.0299859 0.0476483
0 0.797162 0.14904 0.0354505 0.0548925
0 0.838371 0.161327 0.0330395 0.0470385
0 0.174054 0.395613 0.0416552 0.0638583
0 0.587395 0.3683 0.0435019 0.0624564
0 0.374603 0.136957 0.0446569 0.0639103
0 0.44029 0.257585 0.0435777 0.0638502
0 0.0932892 0.0745853 0.0406052 0.0600636
0 0.333519 0.950148 0.0369221 0.0550816
0 0.477625 0.201208 0.0400514 0.058088
0 0.177109 0.837385 0.0272091 0.0395561
0 0.105778 0.452378 0.0388037 0.0532856
0 0.124014 0.613771 0.0381212 0.0512352
0 0.983081 0.605599 0.0309273 0.054866
0 0.0345763 0.618372 0.0478488 0.0592856
0 0.88368 0.658994 0.0386343 0.0590293
0 0.0457029 0.767386 0.0476422 0.0599463
0 0.100383 0.788983 0.0345825 0.0459721
0 0.0308376 0.355529 0.0476385 0.0619559
0 0.069406 0.957276 0.0332456 0.0455039
0 0.718202 0.692528 0.0377827 0.0558227
0 0.127405 0.666513 0.0356887 0.0519677
0 0.142008 0.900092 0.0311981 0.0452203
0 0.103942 0.399645 0.0393674 0.0555929
0 0.70955 0.398505 0.040377 0.0567835
0 0.770018 0.232976 0.029105 0.0456279
0 0.0587796 0.176095 0.0415039 0.0643944
0 0.850069 0.724792 0.032164 0.046384
1 0.219856 0.261603 0.0308425 0.0427544
0 0.941243 0.127411 0.0268486 0.0415007
0 0.513198 0.0944757 0.050058 0.0713053
0 0.406282 0.944269 0.0415826 0.0559097
1 0.595887 0.720064 0.0349071 0.0492252
0 0.373604 0.132473 0.0470897 0.064916
0 0.516698 0.201334 0.0459417 0.0655868
0 0.484708 0.940079 0.0413687 0.0625057
0 0.669109 0.27525 0.0491415 0.0656832
0 0.886654 0.87869 0.0442055 0.0675947
0 0.894117 0.783109 0.0449051 0.0644477
0 0.0228127 0.130759 0.0456254 0.0692717
0 0.405078 0.191899 0.047733 0.0671087
0 0.816857 0.314793 0.0467456 0.0656042
1 0.808076 0.670351 0.0293967 0.0400526
0 0.322332 0.198095 0.0502393 0.0686601
0 0.445964 0.0877445 0.0434244 0.0588927
1 0.581817 0.792954 0.0241276 0.0357181
0 0.130887 0.0706664 0.0458837 0.0660913
0 0.0564451 0.0803178 0.0456153 0.0683227
0 0.0615003 0.850703 0.0428661 0.0621643
0 0.100119 0.228706 0.0504967 0.0680516
0 0.585918 0.367617 0.0457567 0.0651678
0 0.670803 0.333336 0.0432649 0.0574654
0 0.441568 0.420321 0.0498356 0.0726714
0 0.0433254 0.713645 0.0477085 0.0623025
0 0.173675 0.395837 0.0406707 0.0652365
0 0.0954715 0.731279 0.0363958 0.0524537
1 0.543281 0.342255 0.0322637 0.0472522
0 0.144405 0.496015 0.048435 0.0681058
1 0.744586 0.979025 0.0309416 0.0402467
0 0.325228 0.258606 0.0496079 0.0614552
0 0.0940008 0.0726073 0.0442855 0.0649411
0 0.399072 0.255942 0.0451744 0.0633808
0 0.531039 0.915419 0.0383061 0.0567673
1 0.20733 0.187992 0.0278666 0.0420888
1 0.799744 0.579128 0.0285818 0.0388355
0 0.439214 0.258155 0.0446359 0.0667072
0 0.478789 0.200343 0.0424622 0.0605143
0 0.0465518 0.76557 0.0481235 0.0587657
0 0.358436 0.473316 0.0432297 0.060893
0 0.10216 0.34472 0.0457764 0.0644719
0 0.39951 0.315162 0.0449029 0.060134
0 0.7967 0.145874 0.0372642 0.0578916
0 0.0996887 0.287318 0.0446759 0.0630044
0 0.715833 0.691628 0.0382067 0.0565311
0 0.679113 0.21132 0.041148 0.0581623
0 0.174725 0.776257 0.0346643 0.0483931
0 0.205479 0.659732 0.0363083 0.0535123
0 0.0396155 0.662886 0.0484093 0.0583517
0 0.323458 0.312077 0.0432515 0.0568453
0 0.123203 0.615169 0.0384997 0.0542089
0 0.169592 0.281899 0.0438849 0.0679299
0 0.981827 0.929292 0.0363459 0.0643086
1 0.836743 0.470751 0.0260467 0.034251
0 0.883442 0.722404 0.040451 0.056664
0 0.357672 0.416559 0.0408219 0.0560936
0 0.44694 0.146438 0.0430416 0.0612652
0 0.708341 0.396473 0.0407029 0.0575386
0 0.0938733 0.174669 0.043326 0.0567158
0 0.0586889 0.176276 0.0438041 0.0655849
0 0.161449 0.607754 0.0362117 0.0524068
0 0.0646683 0.355962 0.0430626 0.065759
0 0.0233043 0.186559 0.0413261 0.0547759
0 0.328673 0.135482 0.0359336 0.052074
0 0.140008 0.341215 0.0419963 0.0630054
0 0.983555 0.856523 0.0328897 0.0613844
0 0.5689 0.930919 0.0383793 0.0553299
0 0.0240781 0.297227 0.0396201 0.0593257
0 0.0313542 0.353177 0.0453948 0.0595283
0 0.85047 0.88928 0.0383679 0.0585246
1 0.562061 0.878693 0.0410495 0.0478449
0 0.203572 0.338093 0.0453031 0.0612165
1 0.644918 0.52105 0.0262889 0.0387427
0 0.395772 0.372156 0.0390611 0.052586
0 0.0598392 0.293252 0.0431854 0.0601937
0 0.179759 0.894046 0.0336046 0.0490276
0 0.967185 0.811069 0.0456034 0.0590601
0 0.320948 0.416723 0.0388392 0.0594907
0 0.848801 0.661933 0.0337357 0.0565734
0 0.131992 0.177364 0.0420869 0.0631217
0 0.982487 0.604297 0.0332028 0.0570607
0 0.13498 0.284122 0.0397422 0.0599834
0 0.896099 0.4899 0.0380215 0.0573071
0 0.958274 0.720606 0.0421973 0.0581729
0 0.16713 0.662942 0.0354802 0.0503505
0 0.851816 0.782966 0.0496853 0.0720783
0 0.103907 0.397978 0.0419972 0.0574233
0 0.100218 0.844898 0.0314386 0.046035
0 0.606278 0.22183 0.0353653 0.0497128
0 0.177935 0.836785 0.027339 0.0372783
0 0.165047 0.119858 0.0395404 0.0543436
1 0.207676 0.0195926 0.0338765 0.0391853
0 0.167093 0.175614 0.0416755 0.0593987
0 0.685128 0.0393295 0.035127 0.0499118
0 0.513198 0.0944757 0.050058 0.0713053
0 0.406282 0.944269 0.0415826 0.0559097
1 0.595887 0.720064 0.0349071 0.0492252
0 0.373604 0.132473 0.0470897 0.064916
0 0.516698 0.201334 0.0459417 0.0655868
0 0.484708 0.940079 0.0413687 0.0625057
0 0.669109 0.27525 0.0491415 0.0656832
0 0.886654 0.87869 0.0442055 0.0675947
0 0.894117 0.783109 0.0449051 0.0644477
0 0.0228127 0.130759 0.0456254 0.0692717
0 0.405078 0.191899 0.047733 0.0671087
0 0.816857 0.314793 0.0467456 0.0656042
1 0.808076 0.670351 0.0293967 0.0400526
0 0.322332 0.198095 0.0502393 0.0686601
0 0.445964 0.0877445 0.0434244 0.0588927
1 0.581817 0.792954 0.0241276 0.0357181
0 0.130887 0.0706664 0.0458837 0.0660913
0 0.0564451 0.0803178 0.0456153 0.0683227
0 0.0615003 0.850703 0.0428661 0.0621643
0 0.100119 0.228706 0.0504967 0.0680516
0 0.585918 0.367617 0.0457567 0.0651678
0 0.670803 0.333336 0.0432649 0.0574654
0 0.441568 0.420321 0.0498356 0.0726714
0 0.0433254 0.713645 0.0477085 0.0623025
0 0.173675 0.395837 0.0406707 0.0652365
0 0.0954715 0.731279 0.0363958 0.0524537
1 0.543281 0.342255 0.0322637 0.0472522
0 0.144405 0.496015 0.048435 0.0681058
1 0.744586 0.979025 0.0309416 0.0402467
0 0.325228 0.258606 0.0496079 0.0614552
0 0.0940008 0.0726073 0.0442855 0.0649411
0 0.399072 0.255942 0.0451744 0.0633808
0 0.531039 0.915419 0.0383061 0.0567673
1 0.20733 0.187992 0.0278666 0.0420888
1 0.799744 0.579128 0.0285818 0.0388355
0 0.439214 0.258155 0.0446359 0.0667072
0 0.478789 0.200343 0.0424622 0.0605143
0 0.0465518 0.76557 0.0481235 0.0587657
0 0.358436 0.473316 0.0432297 0.060893
0 0.10216 0.34472 0.0457764 0.0644719
0 0.39951 0.315162 0.0449029 0.060134
0 0.7967 0.145874 0.0372642 0.0578916
0 0.0996887 0.287318 0.0446759 0.0630044
0 0.715833 0.691628 0.0382067 0.0565311
0 0.679113 0.21132 0.041148 0.0581623
0 0.174725 0.776257 0.0346643 0.0483931
0 0.205479 0.659732 0.0363083 0.0535123
0 0.0396155 0.662886 0.0484093 0.0583517
0 0.323458 0.312077 0.0432515 0.0568453
0 0.123203 0.615169 0.0384997 0.0542089
0 0.169592 0.281899 0.0438849 0.0679299
0 0.981827 0.929292 0.0363459 0.0643086
1 0.836743 0.470751 0.0260467 0.034251
0 0.883442 0.722404 0.040451 0.056664
0 0.357672 0.416559 0.0408219 0.0560936
0 0.44694 0.146438 0.0430416 0.0612652
0 0.708341 0.396473 0.0407029 0.0575386
0 0.0938733 0.174669 0.043326 0.0567158
0 0.0586889 0.176276 0.0438041 0.0655849
0 0.161449 0.607754 0.0362117 0.0524068
0 0.0646683 0.355962 0.0430626 0.065759
0 0.0233043 0.186559 0.0413261 0.0547759
0 0.328673 0.135482 0.0359336 0.052074
0 0.140008 0.341215 0.0419963 0.0630054
0 0.983555 0.856523 0.0328897 0.0613844
0 0.5689 0.930919 0.0383793 0.0553299
0 0.0240781 0.297227 0.0396201 0.0593257
0 0.0313542 0.353177 0.0453948 0.0595283
0 0.85047 0.88928 0.0383679 0.0585246
1 0.562061 0.878693 0.0410495 0.0478449
0 0.203572 0.338093 0.0453031 0.0612165
1 0.644918 0.52105 0.0262889 0.0387427
0 0.395772 0.372156 0.0390611 0.052586
0 0.0598392 0.293252 0.0431854 0.0601937
0 0.179759 0.894046 0.0336046 0.0490276
0 0.967185 0.811069 0.0456034 0.0590601
0 0.320948 0.416723 0.0388392 0.0594907
0 0.848801 0.661933 0.0337357 0.0565734
0 0.131992 0.177364 0.0420869 0.0631217
0 0.982487 0.604297 0.0332028 0.0570607
0 0.13498 0.284122 0.0397422 0.0599834
0 0.896099 0.4899 0.0380215 0.0573071
0 0.958274 0.720606 0.0421973 0.0581729
0 0.16713 0.662942 0.0354802 0.0503505
0 0.851816 0.782966 0.0496853 0.0720783
0 0.103907 0.397978 0.0419972 0.0574233
0 0.100218 0.844898 0.0314386 0.046035
0 0.606278 0.22183 0.0353653 0.0497128
0 0.177935 0.836785 0.027339 0.0372783
0 0.165047 0.119858 0.0395404 0.0543436
1 0.207676 0.0195926 0.0338765 0.0391853
0 0.167093 0.175614 0.0416755 0.0593987
0 0.685128 0.0393295 0.035127 0.0499118
