1 0.596829 0.719632 0.0349247 0.0504873
1 0.563057 0.876492 0.0383156 0.0505508
1 0.219599 0.261981 0.0303143 0.0422595
1 0.207912 0.18834 0.0282568 0.0424032
0 0.405029 0.192683 0.0468727 0.066563
0 0.323058 0.197184 0.0505219 0.0660409
0 0.0239201 0.12899 0.0470031 0.0683796
1 0.808879 0.672232 0.0286739 0.0408697
1 0.582205 0.793543 0.0238115 0.0338695
0 0.815805 0.313882 0.0439496 0.0602998
0 0.128747 0.0705367 0.044285 0.0656227
0 0.442215 0.421065 0.0480994 0.067958
0 0.40675 0.944626 0.0404843 0.0574421
0 0.669296 0.275627 0.0475225 0.0613747
0 0.514488 0.0949281 0.0492052 0.0715862
0 0.584709 0.365975 0.0460717 0.0658212
0 0.516562 0.202582 0.0451361 0.0674114
1 0.645332 0.522346 0.0269226 0.0411933
0 0.102698 0.344005 0.0445044 0.0631968
1 0.543978 0.340505 0.0313113 0.0437808
0 0.101707 0.229078 0.0488339 0.0650532
0 0.47691 0.199823 0.0416613 0.0600539
0 0.326079 0.25962 0.0475815 0.0649154
0 0.0441362 0.713803 0.0458691 0.0647999
0 0.485373 0.935961 0.0395714 0.0600683
0 0.678678 0.212119 0.0401885 0.0540738
1 0.744915 0.978604 0.0290483 0.0400406
0 0.139316 0.342074 0.0421175 0.0631304
0 0.374236 0.133052 0.04328 0.0633938
0 0.399167 0.257534 0.0442617 0.0671787
0 0.103223 0.396961 0.0417797 0.0586135
0 0.606735 0.222535 0.0346024 0.0497094
0 0.446036 0.086632 0.0444244 0.0608252
0 0.887042 0.879685 0.0394852 0.0640044
1 0.518203 0.689807 0.0314999 0.0405017
0 0.145299 0.496525 0.0466485 0.0668318
0 0.173254 0.39246 0.0418721 0.0617237
0 0.163843 0.121659 0.0371905 0.0515408
0 0.529042 0.915084 0.0410137 0.0597303
0 0.358949 0.475138 0.0398485 0.0568897
0 0.893521 0.783485 0.0415821 0.0610858
0 0.324708 0.312138 0.0400239 0.0552901
0 0.0560092 0.0799991 0.0447523 0.0664827
0 0.169559 0.282708 0.0432425 0.0633223
0 0.939893 0.639762 0.0383009 0.0543191
0 0.794076 0.148165 0.0365235 0.055448
0 0.0611039 0.851979 0.0411236 0.0568303
1 0.80015 0.577769 0.0252689 0.0368805
0 0.438217 0.258647 0.0423359 0.0677952
0 0.135457 0.284465 0.0414659 0.0584167
0 0.883583 0.723699 0.0372493 0.0511508
0 0.0239694 0.297293 0.0411855 0.0614586
0 0.143659 0.444632 0.0451465 0.0580573
0 0.0927756 0.0703992 0.0396431 0.0593494
0 0.670218 0.333918 0.0421204 0.0589474
0 0.0606787 0.291389 0.0398579 0.058283
0 0.400027 0.315629 0.0407572 0.0582237
0 0.0393888 0.660703 0.047252 0.056854
0 0.10102 0.287024 0.041825 0.0608162
0 0.356953 0.417256 0.0369725 0.0513396
0 0.329321 0.133738 0.0346339 0.0497982
0 0.957747 0.719676 0.0428473 0.0555654
0 0.9673 0.811104 0.0476884 0.0599191
0 0.851595 0.886262 0.0359421 0.0529607
0 0.204315 0.336518 0.0416492 0.054578
0 0.0297274 0.352372 0.0458298 0.0585944
1 0.837453 0.469205 0.0274048 0.0364054
0 0.982684 0.930719 0.0346324 0.0617537
0 0.708788 0.465973 0.0357229 0.0480267
0 0.880314 0.659864 0.0371154 0.0537369
0 0.0332865 0.615445 0.0462897 0.0555502
0 0.852832 0.78181 0.0479294 0.0685636
0 0.0662709 0.401973 0.0421792 0.0562205
0 0.0218546 0.187374 0.039903 0.0523079
0 0.05903 0.174575 0.0428608 0.066205
0 0.0643922 0.354933 0.0447942 0.0650629
0 0.896666 0.489392 0.0390419 0.0511964
0 0.16778 0.176772 0.039097 0.0553386
0 0.0434886 0.767554 0.0453126 0.0593044
0 0.984943 0.857208 0.030114 0.053715
0 0.648734 0.0390735 0.0354115 0.0499356
0 0.554164 0.116814 0.0347271 0.0550789
0 0.716524 0.693164 0.037766 0.0566638
0 0.685022 0.0377469 0.035104 0.0518372
0 0.440541 0.201293 0.0365085 0.0513063
0 0.132134 0.176969 0.0405849 0.0583735
0 0.0951315 0.175034 0.0436758 0.0564108
0 0.0961673 0.730445 0.0313172 0.0454715
0 0.180075 0.894809 0.0304547 0.0464612
0 0.105396 0.451823 0.0409904 0.0553794
0 0.94698 0.5391 0.0414843 0.0553679
0 0.939863 0.126791 0.0290689 0.0396594
0 0.183285 0.489423 0.0348384 0.0522107
0 0.708819 0.397101 0.0379875 0.0579552
0 0.396189 0.372616 0.0373755 0.0518526
0 0.0309822 0.494964 0.0475238 0.0633342
0 0.175741 0.775939 0.032899 0.0452932
0 0.84968 0.66214 0.0365487 0.0497406
0 0.124066 0.613859 0.0377694 0.0515536
0 0.770147 0.231553 0.0298403 0.0440216
0 0.448064 0.14586 0.0415417 0.0585949
0 0.0555571 0.232921 0.0398396 0.050883
1 0.925172 0.500268 0.027544 0.0403384
0 0.204824 0.661063 0.0342234 0.0476944
0 0.825612 0.526714 0.0355419 0.0447728
0 0.971866 0.670489 0.0378063 0.0520586
0 0.0988958 0.787055 0.0341978 0.0479899
0 0.164982 0.663844 0.0353042 0.050088
