0 0.3052503052503053 0.14377289377289376 0.04884004884004884 0.0641025641025641
0 0.19291819291819293 0.2326007326007326 0.04884004884004884 0.06593406593406594
0 0.21672771672771673 0.2957875457875458 0.040293040293040296 0.0641025641025641
0 0.23687423687423687 0.4075091575091575 0.03663003663003663 0.05311355311355311
0 0.27350427350427353 0.423992673992674 0.03663003663003663 0.056776556776556776
0 0.24725274725274726 0.46794871794871795 0.03296703296703297 0.05311355311355311
0 0.2844932844932845 0.48534798534798534 0.03663003663003663 0.054945054945054944
0 0.315018315018315 0.3965201465201465 0.031746031746031744 0.06043956043956044
0 0.32967032967032966 0.46886446886446886 0.04395604395604396 0.054945054945054944
0 0.34798534798534797 0.40201465201465203 0.04395604395604396 0.06043956043956044
0 0.34493284493284493 0.336996336996337 0.03296703296703297 0.06227106227106227
0 0.1623931623931624 0.38003663003663 0.04395604395604396 0.056776556776556776
0 0.029304029304029304 0.2967032967032967 0.04395604395604396 0.05860805860805861
0 0.04945054945054945 0.07417582417582418 0.047619047619047616 0.07142857142857142
0 0.051892551892551896 0.021062271062271064 0.06227106227106227 0.038461538461538464
0 0.358974358974359 0.10897435897435898 0.03907203907203907 0.07509157509157509
0 0.39438339438339437 0.13278388278388278 0.03663003663003663 0.07142857142857142
0 0.416971916971917 0.2078754578754579 0.03785103785103785 0.06043956043956044
1 0.45115995115995117 0.38095238095238093 0.0231990231990232 0.03663003663003663
1 0.3785103785103785 0.5476190476190477 0.029304029304029304 0.06227106227106227
1 0.34798534798534797 0.6236263736263736 0.029304029304029304 0.038461538461538464
1 0.10561660561660562 0.4432234432234432 0.028083028083028084 0.04395604395604396
1 0.07814407814407814 0.3553113553113553 0.03418803418803419 0.04395604395604396
1 0.1452991452991453 0.23626373626373626 0.03663003663003663 0.040293040293040296
1 0.6568986568986569 0.7912087912087912 0.029304029304029304 0.047619047619047616
1 0.9517704517704517 0.33974358974358976 0.028083028083028084 0.04212454212454213
1 0.6532356532356532 0.31684981684981683 0.03907203907203907 0.047619047619047616
1 0.681929181929182 0.32967032967032966 0.02564102564102564 0.03296703296703297
1 0.7515262515262515 0.38553113553113555 0.042735042735042736 0.056776556776556776
1 0.8357753357753358 0.45695970695970695 0.030525030525030524 0.04945054945054945
1 0.8833943833943834 0.49542124542124544 0.047619047619047616 0.056776556776556776
1 0.9511599511599511 0.717032967032967 0.03663003663003663 0.045787545787545784
1 0.9523809523809523 0.76007326007326 0.026862026862026864 0.03296703296703297
1 0.9755799755799756 0.6868131868131868 0.03907203907203907 0.06593406593406594
1 0.9590964590964591 0.42032967032967034 0.03296703296703297 0.04945054945054945
1 0.9829059829059829 0.3086080586080586 0.02442002442002442 0.038461538461538464
