1 0.4706959706959707 0.047619047619047616 0.0231990231990232 0.040293040293040296
1 0.4230769230769231 0.09523809523809523 0.0231990231990232 0.03663003663003663
1 0.5561660561660562 0.9771062271062271 0.03296703296703297 0.04212454212454213
1 0.7258852258852259 0.7774725274725275 0.03296703296703297 0.04945054945054945
1 0.8553113553113553 0.760989010989011 0.03785103785103785 0.045787545787545784
1 0.9084249084249084 0.7619047619047619 0.031746031746031744 0.05860805860805861
0 0.2844932844932845 0.847985347985348 0.03663003663003663 0.06227106227106227
0 0.8406593406593407 0.858058608058608 0.040293040293040296 0.056776556776556776
0 0.6330891330891331 0.521978021978022 0.05982905982905983 0.0695970695970696
0 0.6288156288156288 0.46153846153846156 0.05616605616605617 0.05860805860805861
0 0.6031746031746031 0.33516483516483514 0.0463980463980464 0.06593406593406594
0 0.6373626373626373 0.37362637362637363 0.04151404151404151 0.05860805860805861
0 0.703907203907204 0.3305860805860806 0.042735042735042736 0.07142857142857142
0 0.6727716727716728 0.33791208791208793 0.03907203907203907 0.06776556776556776
0 0.7411477411477412 0.4368131868131868 0.05860805860805861 0.0641025641025641
0 0.7008547008547008 0.24633699633699635 0.04395604395604396 0.056776556776556776
0 0.6611721611721612 0.2518315018315018 0.045177045177045176 0.04945054945054945
0 0.7289377289377289 0.2454212454212454 0.03418803418803419 0.047619047619047616
0 0.7631257631257631 0.2454212454212454 0.03663003663003663 0.047619047619047616
0 0.6544566544566545 0.6245421245421245 0.05372405372405373 0.08424908424908426
0 0.6941391941391941 0.6272893772893773 0.045177045177045176 0.0641025641025641
0 0.8290598290598291 0.6089743589743589 0.05372405372405373 0.06776556776556776
0 0.7356532356532357 0.5512820512820513 0.040293040293040296 0.05860805860805861
0 0.7655677655677655 0.5073260073260073 0.0463980463980464 0.06593406593406594
0 0.7747252747252747 0.5695970695970696 0.040293040293040296 0.05860805860805861
0 0.7783882783882784 0.6144688644688645 0.040293040293040296 0.04945054945054945
0 0.673992673992674 0.8617216117216118 0.05372405372405373 0.07142857142857142
