0 0.14957264957264957 0.47802197802197804 0.02564102564102564 0.03663003663003663
0 0.08302808302808302 0.47802197802197804 0.03663003663003663 0.04395604395604396
0 0.10866910866910867 0.43131868131868134 0.03663003663003663 0.05311355311355311
0 0.07997557997557997 0.4194139194139194 0.03785103785103785 0.05128205128205128
0 0.14163614163614163 0.4368131868131868 0.03418803418803419 0.04212454212454213
0 0.11477411477411477 0.37454212454212454 0.05616605616605617 0.06776556776556776
0 0.08058608058608059 0.37637362637362637 0.03907203907203907 0.06043956043956044
0 0.04395604395604396 0.36996336996337 0.04884004884004884 0.06227106227106227
0 0.08241758241758242 0.3305860805860806 0.047619047619047616 0.05311355311355311
0 0.09768009768009768 0.29212454212454214 0.03663003663003663 0.05311355311355311
0 0.047619047619047616 0.2664835164835165 0.04151404151404151 0.06776556776556776
0 0.08485958485958486 0.22435897435897437 0.045177045177045176 0.056776556776556776
0 0.08363858363858363 0.3342490842490842 0.03785103785103785 0.04945054945054945
0 0.07997557997557997 0.17307692307692307 0.050061050061050064 0.06043956043956044
0 0.014041514041514042 0.31684981684981683 0.02564102564102564 0.06227106227106227
0 0.016483516483516484 0.36721611721611724 0.030525030525030524 0.05311355311355311
0 0.014041514041514042 0.2619047619047619 0.02564102564102564 0.06593406593406594
0 0.03968253968253968 0.20695970695970695 0.045177045177045176 0.07326007326007326
0 0.18864468864468864 0.2042124542124542 0.042735042735042736 0.05311355311355311
0 0.21611721611721613 0.0815018315018315 0.04151404151404151 0.06776556776556776
0 0.2557997557997558 0.08974358974358974 0.047619047619047616 0.08058608058608059
0 0.15873015873015872 0.10805860805860806 0.03418803418803419 0.047619047619047616
0 0.15018315018315018 0.056776556776556776 0.04395604395604396 0.06593406593406594
0 0.06227106227106227 0.05952380952380952 0.04151404151404151 0.056776556776556776
0 0.07020757020757021 0.11813186813186813 0.047619047619047616 0.0641025641025641
0 0.017704517704517704 0.10531135531135531 0.03296703296703297 0.07142857142857142
0 0.018315018315018316 0.16391941391941392 0.03418803418803419 0.05311355311355311
0 0.3321123321123321 0.21794871794871795 0.03418803418803419 0.054945054945054944
0 0.22405372405372406 0.29945054945054944 0.03785103785103785 0.04945054945054945
