1 0.31074481074481075 0.25366300366300365 0.0231990231990232 0.031135531135531136
1 0.30158730158730157 0.27380952380952384 0.019536019536019536 0.027472527472527472
1 0.3876678876678877 0.0924908424908425 0.030525030525030524 0.04212454212454213
1 0.4133089133089133 0.4056776556776557 0.028083028083028084 0.04945054945054945
1 0.6910866910866911 0.6327838827838828 0.02442002442002442 0.045787545787545784
1 0.7094017094017094 0.6840659340659341 0.026862026862026864 0.04212454212454213
1 0.7228327228327228 0.5192307692307693 0.031746031746031744 0.04212454212454213
1 0.6868131868131868 0.4652014652014652 0.0231990231990232 0.04395604395604396
1 0.6642246642246642 0.4368131868131868 0.02442002442002442 0.038461538461538464
1 0.6709401709401709 0.5879120879120879 0.02564102564102564 0.03296703296703297
1 0.6208791208791209 0.5338827838827839 0.0231990231990232 0.05311355311355311
1 0.6434676434676435 0.5119047619047619 0.031746031746031744 0.04212454212454213
1 0.6733821733821734 0.5567765567765568 0.028083028083028084 0.03296703296703297
