1 0.18925518925518925 0.434981684981685 0.031746031746031744 0.04945054945054945
1 0.2576312576312576 0.4249084249084249 0.04151404151404151 0.047619047619047616
1 0.304029304029304 0.41483516483516486 0.03907203907203907 0.045787545787545784
1 0.34798534798534797 0.4065934065934066 0.04151404151404151 0.040293040293040296
1 0.561050061050061 0.2216117216117216 0.047619047619047616 0.05860805860805861
1 0.5970695970695971 0.3305860805860806 0.04884004884004884 0.06776556776556776
1 0.6642246642246642 0.3507326007326007 0.05128205128205128 0.04945054945054945
1 0.6721611721611722 0.2326007326007326 0.02564102564102564 0.03663003663003663
1 0.6898656898656899 0.28846153846153844 0.02442002442002442 0.04945054945054945
1 0.8052503052503053 0.16117216117216118 0.03296703296703297 0.04395604395604396
1 0.8156288156288156 0.1227106227106227 0.029304029304029304 0.040293040293040296
1 0.7844932844932845 0.31776556776556775 0.0231990231990232 0.0347985347985348
1 0.8333333333333334 0.21153846153846154 0.028083028083028084 0.045787545787545784
1 0.8229548229548229 0.29945054945054944 0.029304029304029304 0.038461538461538464
1 0.8724053724053724 0.23534798534798534 0.03296703296703297 0.04945054945054945
0 0.13797313797313798 0.11538461538461539 0.0463980463980464 0.05128205128205128
0 0.21916971916971917 0.10805860805860806 0.050061050061050064 0.06227106227106227
0 0.257020757020757 0.11355311355311355 0.03296703296703297 0.047619047619047616
0 0.15384615384615385 0.20146520146520147 0.04395604395604396 0.05860805860805861
0 0.23015873015873015 0.16941391941391942 0.047619047619047616 0.05311355311355311
0 0.29914529914529914 0.1575091575091575 0.03663003663003663 0.05128205128205128
0 0.26556776556776557 0.22527472527472528 0.03785103785103785 0.054945054945054944
0 0.3034188034188034 0.22344322344322345 0.045177045177045176 0.054945054945054944
0 0.34554334554334554 0.28205128205128205 0.03907203907203907 0.06593406593406594
0 0.3076923076923077 0.28205128205128205 0.04151404151404151 0.06227106227106227
0 0.2673992673992674 0.2866300366300366 0.0463980463980464 0.07142857142857142
0 0.2277167277167277 0.29395604395604397 0.03785103785103785 0.056776556776556776
0 0.19108669108669107 0.30036630036630035 0.03785103785103785 0.05860805860805861
0 0.1978021978021978 0.3663003663003663 0.029304029304029304 0.05128205128205128
0 0.2277167277167277 0.3553113553113553 0.047619047619047616 0.06593406593406594
0 0.2673992673992674 0.3489010989010989 0.04151404151404151 0.06776556776556776
0 0.31196581196581197 0.34798534798534797 0.042735042735042736 0.054945054945054944
0 0.3894993894993895 0.27197802197802196 0.03907203907203907 0.06776556776556776
0 0.4249084249084249 0.3241758241758242 0.04884004884004884 0.06593406593406594
0 0.4621489621489622 0.3159340659340659 0.045177045177045176 0.06043956043956044
0 0.5042735042735043 0.3021978021978022 0.03907203907203907 0.06227106227106227
0 0.7374847374847375 0.6236263736263736 0.0463980463980464 0.06043956043956044
0 0.7307692307692307 0.23717948717948717 0.047619047619047616 0.06043956043956044
0 0.684981684981685 0.5045787545787546 0.04395604395604396 0.045787545787545784
0 0.7252747252747253 0.5631868131868132 0.03907203907203907 0.04945054945054945
0 0.4694749694749695 0.6703296703296703 0.050061050061050064 0.05860805860805861
0 0.4181929181929182 0.6483516483516484 0.050061050061050064 0.06227106227106227
0 0.3724053724053724 0.6474358974358975 0.04395604395604396 0.04945054945054945
0 0.5653235653235653 0.6172161172161172 0.04151404151404151 0.054945054945054944
0 0.24114774114774115 0.6336996336996337 0.052503052503052504 0.06593406593406594
