0 0.6898656898656899 0.6978021978021978 0.05372405372405373 0.07326007326007326
0 0.8040293040293041 0.4945054945054945 0.042735042735042736 0.08058608058608059
0 0.8376068376068376 0.5064102564102564 0.04395604395604396 0.06776556776556776
0 0.8253968253968254 0.5769230769230769 0.04884004884004884 0.07692307692307693
0 0.8443223443223443 0.5796703296703297 0.042735042735042736 0.06043956043956044
0 0.7985347985347986 0.6657509157509157 0.0463980463980464 0.0641025641025641
0 0.8168498168498168 0.73992673992674 0.03907203907203907 0.0695970695970696
0 0.847985347985348 0.7078754578754579 0.047619047619047616 0.06776556776556776
0 0.6965811965811965 0.7857142857142857 0.045177045177045176 0.06227106227106227
0 0.7454212454212454 0.782967032967033 0.042735042735042736 0.06776556776556776
0 0.8058608058608059 0.7985347985347986 0.05372405372405373 0.06593406593406594
0 0.663003663003663 0.8617216117216118 0.03907203907203907 0.05311355311355311
0 0.6398046398046398 0.8983516483516484 0.03663003663003663 0.04945054945054945
0 0.6953601953601953 0.8672161172161172 0.047619047619047616 0.06043956043956044
0 0.76007326007326 0.8617216117216118 0.054945054945054944 0.06776556776556776
0 0.7008547008547008 0.9166666666666666 0.04884004884004884 0.056776556776556776
0 0.7673992673992674 0.9194139194139194 0.042735042735042736 0.06593406593406594
0 0.7967032967032966 0.923992673992674 0.047619047619047616 0.05311355311355311
0 0.6391941391941391 0.9523809523809523 0.054945054945054944 0.06593406593406594
0 0.7356532356532357 0.9761904761904762 0.040293040293040296 0.047619047619047616
0 0.6862026862026862 0.967032967032967 0.05372405372405373 0.06593406593406594
0 0.7747252747252747 0.9716117216117216 0.052503052503052504 0.056776556776556776
0 0.92002442002442 0.8342490842490843 0.03540903540903541 0.045787545787545784
0 0.909035409035409 0.9789377289377289 0.042735042735042736 0.04212454212454213
0 0.6233211233211233 0.04120879120879121 0.054945054945054944 0.07875457875457875
0 0.5665445665445665 0.028388278388278388 0.04884004884004884 0.05311355311355311
