0 0.6556776556776557 0.06318681318681318 0.04395604395604396 0.06043956043956044
0 0.09706959706959707 0.05860805860805861 0.040293040293040296 0.05860805860805861
0 0.09768009768009768 0.13003663003663005 0.03907203907203907 0.047619047619047616
0 0.10073260073260074 0.38278388278388276 0.057387057387057384 0.08058608058608059
0 0.14957264957264957 0.38461538461538464 0.057387057387057384 0.08058608058608059
0 0.06837606837606838 0.5027472527472527 0.05128205128205128 0.07142857142857142
0 0.06898656898656899 0.576007326007326 0.057387057387057384 0.07142857142857142
0 0.17704517704517705 0.674908424908425 0.05372405372405373 0.0641025641025641
0 0.16788766788766787 0.7454212454212454 0.054945054945054944 0.08058608058608059
0 0.09157509157509157 0.6758241758241759 0.05616605616605617 0.08058608058608059
0 0.0811965811965812 0.7408424908424909 0.057387057387057384 0.07142857142857142
0 0.27350427350427353 0.4157509157509158 0.04884004884004884 0.06593406593406594
0 0.5317460317460317 0.6648351648351648 0.040293040293040296 0.06227106227106227
0 0.8492063492063492 0.09706959706959707 0.047619047619047616 0.06593406593406594
0 0.9065934065934066 0.07967032967032966 0.03785103785103785 0.06043956043956044
0 0.8522588522588522 0.16575091575091574 0.03907203907203907 0.06043956043956044
1 0.39133089133089133 0.1108058608058608 0.030525030525030524 0.04212454212454213
1 0.28205128205128205 0.24175824175824176 0.031746031746031744 0.04395604395604396
1 0.2619047619047619 0.2509157509157509 0.02564102564102564 0.04395604395604396
1 0.07448107448107448 0.24633699633699635 0.029304029304029304 0.04212454212454213
1 0.017094017094017096 0.2619047619047619 0.031746031746031744 0.05128205128205128
1 0.045177045177045176 0.1510989010989011 0.029304029304029304 0.038461538461538464
1 0.0463980463980464 0.1813186813186813 0.03907203907203907 0.040293040293040296
1 0.0463980463980464 0.21245421245421245 0.03663003663003663 0.03663003663003663
1 0.057997557997558 0.05860805860805861 0.028083028083028084 0.03663003663003663
