0 0.3339438339438339 0.9523809523809523 0.045177045177045176 0.07692307692307693
0 0.3614163614163614 0.9505494505494505 0.03418803418803419 0.054945054945054944
0 0.336996336996337 0.815018315018315 0.05128205128205128 0.0695970695970696
0 0.3333333333333333 0.8727106227106227 0.04884004884004884 0.056776556776556776
0 0.41086691086691085 0.8470695970695971 0.054945054945054944 0.07142857142857142
0 0.42063492063492064 0.7591575091575091 0.057387057387057384 0.07875457875457875
0 0.46886446886446886 0.88003663003663 0.05616605616605617 0.08241758241758242
0 0.5164835164835165 0.8672161172161172 0.06349206349206349 0.08608058608058608
0 0.5946275946275946 0.8507326007326007 0.05372405372405373 0.07142857142857142
0 0.63003663003663 0.7774725274725275 0.05860805860805861 0.06776556776556776
0 0.6324786324786325 0.8360805860805861 0.0463980463980464 0.0641025641025641
0 0.6800976800976801 0.8891941391941391 0.03907203907203907 0.06776556776556776
0 0.7014652014652014 0.8543956043956044 0.047619047619047616 0.0641025641025641
0 0.6929181929181929 0.7902930402930403 0.047619047619047616 0.06776556776556776
0 0.6910866910866911 0.6932234432234432 0.05372405372405373 0.07875457875457875
0 0.6965811965811965 0.7435897435897436 0.057387057387057384 0.0695970695970696
0 0.7442002442002442 0.8653846153846154 0.045177045177045176 0.08608058608058608
0 0.4004884004884005 0.6456043956043956 0.04395604395604396 0.06776556776556776
0 0.5622710622710623 0.5842490842490843 0.052503052503052504 0.0695970695970696
0 0.5592185592185592 0.5155677655677655 0.05372405372405373 0.07509157509157509
0 0.4536019536019536 0.5146520146520146 0.050061050061050064 0.06593406593406594
0 0.4590964590964591 0.45695970695970695 0.05860805860805861 0.06776556776556776
0 0.4065934065934066 0.40476190476190477 0.05860805860805861 0.07692307692307693
