1 0.21550671550671552 0.3543956043956044 0.030525030525030524 0.04945054945054945
1 0.22954822954822954 0.391025641025641 0.029304029304029304 0.045787545787545784
1 0.10317460317460317 0.37362637362637363 0.040293040293040296 0.04395604395604396
1 0.12332112332112333 0.42032967032967034 0.031746031746031744 0.031135531135531136
1 0.14346764346764346 0.44047619047619047 0.042735042735042736 0.045787545787545784
1 0.1746031746031746 0.4642857142857143 0.03907203907203907 0.04945054945054945
1 0.16483516483516483 0.5137362637362637 0.03663003663003663 0.06043956043956044
1 0.07509157509157509 0.47619047619047616 0.042735042735042736 0.040293040293040296
1 0.0811965811965812 0.42032967032967034 0.02564102564102564 0.04212454212454213
1 0.04151404151404151 0.5412087912087912 0.03663003663003663 0.04212454212454213
1 0.06715506715506715 0.5815018315018315 0.03907203907203907 0.045787545787545784
1 0.031746031746031744 0.6034798534798534 0.029304029304029304 0.0347985347985348
1 0.028083028083028084 0.6785714285714286 0.03663003663003663 0.045787545787545784
1 0.12026862026862027 0.5952380952380952 0.028083028083028084 0.04395604395604396
1 0.06288156288156288 0.3315018315018315 0.045177045177045176 0.0695970695970696
1 0.33943833943833945 0.11172161172161173 0.04395604395604396 0.04395604395604396
1 0.4352869352869353 0.057692307692307696 0.030525030525030524 0.045787545787545784
1 0.452991452991453 0.15384615384615385 0.031746031746031744 0.047619047619047616
1 0.46764346764346765 0.2087912087912088 0.031746031746031744 0.054945054945054944
1 0.42063492063492064 0.22344322344322345 0.028083028083028084 0.040293040293040296
1 0.5134310134310134 0.07417582417582418 0.028083028083028084 0.045787545787545784
1 0.5317460317460317 0.046703296703296704 0.030525030525030524 0.04212454212454213
1 0.5433455433455433 0.08241758241758242 0.026862026862026864 0.047619047619047616
1 0.5366300366300366 0.15293040293040294 0.03296703296703297 0.038461538461538464
1 0.6141636141636142 0.09432234432234432 0.03418803418803419 0.04212454212454213
1 0.5927960927960928 0.1987179487179487 0.0231990231990232 0.038461538461538464
1 0.5854700854700855 0.30036630036630035 0.028083028083028084 0.040293040293040296
1 0.6111111111111112 0.40476190476190477 0.030525030525030524 0.047619047619047616
1 0.6648351648351648 0.13736263736263737 0.03296703296703297 0.040293040293040296
1 0.6770451770451771 0.17857142857142858 0.02564102564102564 0.031135531135531136
1 0.7912087912087912 0.11446886446886446 0.031746031746031744 0.045787545787545784
1 0.8095238095238095 0.17399267399267399 0.029304029304029304 0.04395604395604396
1 0.7698412698412699 0.2097069597069597 0.030525030525030524 0.045787545787545784
1 0.778998778998779 0.29853479853479853 0.026862026862026864 0.03296703296703297
1 0.8803418803418803 0.33791208791208793 0.019536019536019536 0.04212454212454213
1 0.8528693528693528 0.3663003663003663 0.030525030525030524 0.04395604395604396
1 0.811965811965812 0.3791208791208791 0.04151404151404151 0.047619047619047616
1 0.7967032967032966 0.4734432234432234 0.03785103785103785 0.056776556776556776
1 0.8333333333333334 0.445970695970696 0.03296703296703297 0.0347985347985348
1 0.8760683760683761 0.4542124542124542 0.028083028083028084 0.05128205128205128
1 0.7411477411477412 0.49633699633699635 0.04395604395604396 0.047619047619047616
1 0.7777777777777778 0.5952380952380952 0.03907203907203907 0.040293040293040296
1 0.7435897435897436 0.6648351648351648 0.03418803418803419 0.05128205128205128
1 0.9273504273504274 0.3772893772893773 0.03296703296703297 0.04395604395604396
1 0.9603174603174603 0.37362637362637363 0.03540903540903541 0.05860805860805861
1 0.8620268620268621 0.5146520146520146 0.031746031746031744 0.040293040293040296
1 0.8467643467643468 0.6575091575091575 0.03540903540903541 0.054945054945054944
1 0.8083028083028083 0.6565934065934066 0.026862026862026864 0.045787545787545784
1 0.8766788766788767 0.8333333333333334 0.026862026862026864 0.04395604395604396
1 0.9004884004884005 0.8287545787545788 0.03540903540903541 0.056776556776556776
1 0.8614163614163615 0.8864468864468864 0.028083028083028084 0.04395604395604396
1 0.9438339438339438 0.8946886446886447 0.03663003663003663 0.0347985347985348
1 0.9871794871794872 0.9001831501831502 0.02564102564102564 0.0641025641025641
