1 0.4621489621489622 0.23351648351648352 0.028083028083028084 0.04212454212454213
1 0.724053724053724 0.2673992673992674 0.029304029304029304 0.05128205128205128
1 0.7619047619047619 0.1401098901098901 0.026862026862026864 0.045787545787545784
1 0.8278388278388278 0.11538461538461539 0.026862026862026864 0.04395604395604396
1 0.7661782661782662 0.27380952380952384 0.028083028083028084 0.04212454212454213
1 0.942002442002442 0.3031135531135531 0.02564102564102564 0.045787545787545784
1 0.9706959706959707 0.3021978021978022 0.02442002442002442 0.05128205128205128
1 0.826007326007326 0.29120879120879123 0.020757020757020756 0.03296703296703297
1 0.8485958485958486 0.24267399267399267 0.02442002442002442 0.031135531135531136
1 0.5439560439560439 0.029304029304029304 0.030525030525030524 0.040293040293040296
0 0.9285714285714286 0.3873626373626374 0.040293040293040296 0.06043956043956044
0 0.8888888888888888 0.44505494505494503 0.0463980463980464 0.05860805860805861
0 0.9255189255189256 0.44505494505494503 0.04151404151404151 0.06593406593406594
0 0.8137973137973138 0.4816849816849817 0.057387057387057384 0.0695970695970696
0 0.8131868131868132 0.5375457875457875 0.06593406593406594 0.07509157509157509
0 0.887057387057387 0.5384615384615384 0.052503052503052504 0.08058608058608059
0 0.9822954822954822 0.5119047619047619 0.03540903540903541 0.07142857142857142
0 0.8882783882783882 0.6126373626373627 0.040293040293040296 0.07509157509157509
0 0.8070818070818071 0.5879120879120879 0.06593406593406594 0.08058608058608059
0 0.8052503052503053 0.6602564102564102 0.0695970695970696 0.08608058608058608
0 0.6562881562881563 0.6254578754578755 0.057387057387057384 0.08241758241758242
0 0.6886446886446886 0.6941391941391941 0.0463980463980464 0.07326007326007326
0 0.6446886446886447 0.6895604395604396 0.04151404151404151 0.04945054945054945
0 0.7631257631257631 0.7005494505494505 0.05128205128205128 0.06776556776556776
0 0.8357753357753358 0.7371794871794872 0.054945054945054944 0.07142857142857142
0 0.9511599511599511 0.6282051282051282 0.05128205128205128 0.07692307692307693
