0 0.15567765567765568 0.057692307692307696 0.045177045177045176 0.06776556776556776
0 0.11782661782661782 0.047619047619047616 0.042735042735042736 0.07692307692307693
0 0.036019536019536016 0.1575091575091575 0.047619047619047616 0.06227106227106227
0 0.09157509157509157 0.20146520146520147 0.0463980463980464 0.05860805860805861
0 0.10256410256410256 0.15567765567765568 0.04884004884004884 0.06227106227106227
0 0.07631257631257632 0.12087912087912088 0.052503052503052504 0.06227106227106227
0 0.0811965811965812 0.0815018315018315 0.045177045177045176 0.056776556776556776
0 0.04212454212454213 0.10714285714285714 0.03785103785103785 0.06043956043956044
0 0.16788766788766787 0.17032967032967034 0.042735042735042736 0.05860805860805861
0 0.20085470085470086 0.1813186813186813 0.03540903540903541 0.05860805860805861
0 0.061660561660561664 0.37362637362637363 0.03540903540903541 0.047619047619047616
0 0.0995115995115995 0.40934065934065933 0.03540903540903541 0.045787545787545784
0 0.0347985347985348 0.48443223443223443 0.042735042735042736 0.056776556776556776
0 0.05128205128205128 0.521978021978022 0.0463980463980464 0.06593406593406594
0 0.0695970695970696 0.5677655677655677 0.03418803418803419 0.05128205128205128
0 0.030525030525030524 0.6135531135531136 0.03663003663003663 0.047619047619047616
0 0.10866910866910867 0.6272893772893773 0.04151404151404151 0.056776556776556776
0 0.11233211233211234 0.5787545787545788 0.03663003663003663 0.05128205128205128
0 0.11843711843711843 0.49542124542124544 0.04395604395604396 0.0641025641025641
0 0.14652014652014653 0.5467032967032966 0.04151404151404151 0.0641025641025641
0 0.16422466422466422 0.5064102564102564 0.040293040293040296 0.056776556776556776
