1 0.19108669108669107 0.6694139194139194 0.03540903540903541 0.04945054945054945
1 0.11660561660561661 0.6346153846153846 0.03785103785103785 0.045787545787545784
1 0.1282051282051282 0.6053113553113553 0.031746031746031744 0.031135531135531136
1 0.06532356532356533 0.6877289377289377 0.028083028083028084 0.031135531135531136
1 0.0995115995115995 0.6858974358974359 0.030525030525030524 0.045787545787545784
1 0.07448107448107448 0.8708791208791209 0.02442002442002442 0.04945054945054945
1 0.07142857142857142 0.9157509157509157 0.030525030525030524 0.047619047619047616
1 0.20634920634920634 0.445970695970696 0.03418803418803419 0.038461538461538464
1 0.18192918192918192 0.46703296703296704 0.02442002442002442 0.047619047619047616
1 0.07448107448107448 0.9789377289377289 0.03418803418803419 0.04212454212454213
1 0.315018315018315 0.8397435897435898 0.029304029304029304 0.04212454212454213
