1 0.6715506715506715 0.07142857142857142 0.03663003663003663 0.054945054945054944
1 0.6727716727716728 0.03388278388278388 0.026862026862026864 0.04212454212454213
1 0.699023199023199 0.05311355311355311 0.03296703296703297 0.047619047619047616
1 0.717948717948718 0.031135531135531136 0.029304029304029304 0.04395604395604396
1 0.5592185592185592 0.304029304029304 0.03418803418803419 0.06593406593406594
1 0.5 0.28846153846153844 0.03296703296703297 0.038461538461538464
1 0.49511599511599513 0.24633699633699635 0.030525030525030524 0.038461538461538464
1 0.31929181929181927 0.4935897435897436 0.0231990231990232 0.04212454212454213
1 0.6221001221001221 0.7591575091575091 0.030525030525030524 0.04212454212454213
1 0.6495726495726496 0.7619047619047619 0.02442002442002442 0.04395604395604396
1 0.6666666666666666 0.7554945054945055 0.026862026862026864 0.0641025641025641
1 0.9462759462759462 0.5457875457875457 0.03663003663003663 0.040293040293040296
0 0.08974358974358974 0.45879120879120877 0.03540903540903541 0.04945054945054945
0 0.12698412698412698 0.4523809523809524 0.026862026862026864 0.040293040293040296
0 0.16361416361416362 0.44963369963369965 0.03663003663003663 0.04212454212454213
0 0.1568986568986569 0.5027472527472527 0.03785103785103785 0.04945054945054945
0 0.19536019536019536 0.5 0.029304029304029304 0.04395604395604396
0 0.12087912087912088 0.5531135531135531 0.0463980463980464 0.05860805860805861
0 0.05372405372405373 0.6254578754578755 0.04884004884004884 0.0641025641025641
0 0.12759462759462759 0.61996336996337 0.03540903540903541 0.045787545787545784
0 0.19047619047619047 0.6089743589743589 0.031746031746031744 0.05311355311355311
0 0.2258852258852259 0.608058608058608 0.04151404151404151 0.0695970695970696
0 0.23443223443223443 0.5512820512820513 0.031746031746031744 0.03663003663003663
0 0.19963369963369965 0.5476190476190477 0.030525030525030524 0.03663003663003663
0 0.26495726495726496 0.5558608058608059 0.03907203907203907 0.045787545787545784
0 0.2667887667887668 0.49633699633699635 0.040293040293040296 0.047619047619047616
0 0.26373626373626374 0.40201465201465203 0.0463980463980464 0.06043956043956044
0 0.29853479853479853 0.4468864468864469 0.03296703296703297 0.05128205128205128
0 0.3315018315018315 0.4551282051282051 0.050061050061050064 0.06776556776556776
0 0.37545787545787546 0.4642857142857143 0.028083028083028084 0.06043956043956044
0 0.3724053724053724 0.40934065934065933 0.03418803418803419 0.045787545787545784
0 0.4126984126984127 0.44505494505494503 0.03907203907203907 0.054945054945054944
0 0.4438339438339438 0.3617216117216117 0.03296703296703297 0.04945054945054945
0 0.4444444444444444 0.41208791208791207 0.031746031746031744 0.04395604395604396
0 0.47496947496947495 0.40384615384615385 0.03663003663003663 0.04945054945054945
0 0.6031746031746031 0.42216117216117216 0.03663003663003663 0.05311355311355311
0 0.6678876678876678 0.30494505494505497 0.04395604395604396 0.06043956043956044
0 0.5958485958485958 0.22985347985347984 0.04151404151404151 0.04945054945054945
0 0.47924297924297926 0.09523809523809523 0.03785103785103785 0.05128205128205128
0 0.703907203907204 0.2893772893772894 0.040293040293040296 0.05860805860805861
0 0.7148962148962149 0.33791208791208793 0.047619047619047616 0.04945054945054945
0 0.7252747252747253 0.37637362637362637 0.05128205128205128 0.056776556776556776
0 0.7167277167277167 0.43040293040293043 0.0463980463980464 0.05128205128205128
0 0.7905982905982906 0.3598901098901099 0.050061050061050064 0.06043956043956044
0 0.7826617826617827 0.3159340659340659 0.031746031746031744 0.04212454212454213
0 0.8034188034188035 0.5357142857142857 0.04395604395604396 0.06043956043956044
0 0.8534798534798534 0.5183150183150184 0.031746031746031744 0.05128205128205128
0 0.7545787545787546 0.6639194139194139 0.04395604395604396 0.06776556776556776
0 0.7246642246642246 0.5018315018315018 0.042735042735042736 0.06227106227106227
0 0.7393162393162394 0.5842490842490843 0.042735042735042736 0.054945054945054944
0 0.8504273504273504 0.7161172161172161 0.047619047619047616 0.07692307692307693
0 0.9102564102564102 0.793040293040293 0.047619047619047616 0.06593406593406594
0 0.7802197802197802 0.8846153846153846 0.04395604395604396 0.06227106227106227
0 0.663003663003663 0.8727106227106227 0.04884004884004884 0.07142857142857142
0 0.6556776556776557 0.9148351648351648 0.031746031746031744 0.05311355311355311
0 0.8247863247863247 0.9203296703296703 0.042735042735042736 0.07142857142857142
0 0.8547008547008547 0.9029304029304029 0.04884004884004884 0.07692307692307693
0 0.49694749694749696 0.6721611721611722 0.04395604395604396 0.07326007326007326
0 0.4157509157509158 0.6181318681318682 0.047619047619047616 0.06043956043956044
0 0.4542124542124542 0.6272893772893773 0.04395604395604396 0.06043956043956044
0 0.36752136752136755 0.5531135531135531 0.031746031746031744 0.06593406593406594
0 0.6117216117216118 0.6263736263736264 0.029304029304029304 0.047619047619047616
0 0.17032967032967034 0.8305860805860806 0.042735042735042736 0.045787545787545784
0 0.1752136752136752 0.8617216117216118 0.050061050061050064 0.0347985347985348
0 0.18986568986568986 0.7316849816849816 0.040293040293040296 0.05311355311355311
0 0.21733821733821734 0.7197802197802198 0.03907203907203907 0.05128205128205128
0 0.21855921855921856 0.8003663003663004 0.03663003663003663 0.05128205128205128
0 0.24847374847374848 0.7957875457875457 0.03785103785103785 0.06043956043956044
0 0.2802197802197802 0.8113553113553114 0.03540903540903541 0.06227106227106227
0 0.28876678876678874 0.7646520146520146 0.047619047619047616 0.06043956043956044
0 0.25824175824175827 0.7435897435897436 0.045177045177045176 0.04395604395604396
0 0.25824175824175827 0.6877289377289377 0.042735042735042736 0.06043956043956044
0 0.29242979242979245 0.6556776556776557 0.040293040293040296 0.03296703296703297
0 0.27533577533577536 0.6025641025641025 0.050061050061050064 0.06593406593406594
0 0.3235653235653236 0.6163003663003663 0.03663003663003663 0.056776556776556776
0 0.36385836385836384 0.7051282051282052 0.03907203907203907 0.05860805860805861
0 0.31135531135531136 0.7197802197802198 0.031746031746031744 0.05128205128205128
0 0.3956043956043956 0.793040293040293 0.03663003663003663 0.0695970695970696
0 0.36752136752136755 0.7765567765567766 0.029304029304029304 0.054945054945054944
0 0.3241758241758242 0.7747252747252747 0.042735042735042736 0.054945054945054944
0 0.40354090354090355 0.6657509157509157 0.03785103785103785 0.04212454212454213
0 0.5061050061050061 0.7673992673992674 0.03785103785103785 0.05128205128205128
0 0.663003663003663 0.586996336996337 0.026862026862026864 0.045787545787545784
0 0.11660561660561661 0.6913919413919414 0.03540903540903541 0.0641025641025641
