1 0.48534798534798534 0.10622710622710622 0.03296703296703297 0.04395604395604396
1 0.7967032967032966 0.08516483516483517 0.030525030525030524 0.04212454212454213
1 0.9096459096459096 0.728021978021978 0.026862026862026864 0.05311355311355311
1 0.8815628815628815 0.728021978021978 0.029304029304029304 0.045787545787545784
1 0.5830280830280831 0.7957875457875457 0.02564102564102564 0.031135531135531136
1 0.7161172161172161 0.7243589743589743 0.028083028083028084 0.04212454212454213
1 0.6410256410256411 0.5906593406593407 0.02442002442002442 0.038461538461538464
1 0.6855921855921856 0.51007326007326 0.028083028083028084 0.038461538461538464
1 0.3907203907203907 0.2509157509157509 0.026862026862026864 0.03663003663003663
1 0.29975579975579975 0.1108058608058608 0.03785103785103785 0.04945054945054945
1 0.2838827838827839 0.16025641025641027 0.02564102564102564 0.0347985347985348
1 0.18864468864468864 0.06593406593406594 0.020757020757020756 0.03296703296703297
1 0.06654456654456654 0.12179487179487179 0.03785103785103785 0.04212454212454213
1 0.4340659340659341 0.06593406593406594 0.0231990231990232 0.047619047619047616
