1 0.20573870573870573 0.6071428571428571 0.02564102564102564 0.0347985347985348
1 0.02197802197802198 0.76007326007326 0.031746031746031744 0.04395604395604396
1 0.47741147741147744 0.5778388278388278 0.029304029304029304 0.045787545787545784
1 0.4816849816849817 0.48534798534798534 0.02564102564102564 0.04395604395604396
1 0.5592185592185592 0.5485347985347986 0.02442002442002442 0.045787545787545784
1 0.5921855921855922 0.36538461538461536 0.031746031746031744 0.04945054945054945
1 0.681929181929182 0.6968864468864469 0.02564102564102564 0.038461538461538464
1 0.6929181929181929 0.6758241758241759 0.0231990231990232 0.03663003663003663
1 0.6935286935286935 0.6025641025641025 0.031746031746031744 0.040293040293040296
1 0.398046398046398 0.2032967032967033 0.031746031746031744 0.03663003663003663
1 0.42735042735042733 0.1813186813186813 0.02442002442002442 0.029304029304029304
1 0.463980463980464 0.13095238095238096 0.029304029304029304 0.038461538461538464
1 0.5256410256410257 0.07783882783882784 0.0231990231990232 0.027472527472527472
1 0.5463980463980463 0.05402930402930403 0.030525030525030524 0.0347985347985348
1 0.33577533577533575 0.2664835164835165 0.02442002442002442 0.0347985347985348
1 0.08302808302808302 0.4706959706959707 0.026862026862026864 0.040293040293040296
1 0.15873015873015872 0.42765567765567764 0.02197802197802198 0.027472527472527472
