0 0.5726495726495726 0.9331501831501832 0.03418803418803419 0.05311355311355311
0 0.5702075702075702 0.9807692307692307 0.0463980463980464 0.038461538461538464
0 0.572039072039072 0.02564102564102564 0.040293040293040296 0.047619047619047616
0 0.5659340659340659 0.07326007326007326 0.03296703296703297 0.04395604395604396
0 0.6043956043956044 0.07783882783882784 0.031746031746031744 0.04945054945054945
0 0.6361416361416361 0.023809523809523808 0.03907203907203907 0.04395604395604396
0 0.6697191697191697 0.027472527472527472 0.030525030525030524 0.05128205128205128
0 0.594017094017094 0.5347985347985348 0.03785103785103785 0.06227106227106227
0 0.5543345543345544 0.423992673992674 0.03418803418803419 0.05311355311355311
0 0.6764346764346765 0.4734432234432234 0.03663003663003663 0.056776556776556776
0 0.7863247863247863 0.03663003663003663 0.03663003663003663 0.05128205128205128
0 0.8205128205128205 0.09157509157509157 0.031746031746031744 0.04395604395604396
0 0.8083028083028083 0.1401098901098901 0.0463980463980464 0.056776556776556776
0 0.8547008547008547 0.048534798534798536 0.03663003663003663 0.04945054945054945
0 0.9206349206349206 0.06318681318681318 0.026862026862026864 0.04212454212454213
0 0.8565323565323565 0.14652014652014653 0.03296703296703297 0.05860805860805861
0 0.8821733821733821 0.15293040293040294 0.030525030525030524 0.04945054945054945
0 0.9212454212454212 0.152014652014652 0.042735042735042736 0.054945054945054944
0 0.9169719169719169 0.19047619047619047 0.031746031746031744 0.04395604395604396
0 0.9603174603174603 0.20238095238095238 0.045177045177045176 0.04945054945054945
0 0.9603174603174603 0.15476190476190477 0.045177045177045176 0.056776556776556776
0 0.9603174603174603 0.10989010989010989 0.042735042735042736 0.054945054945054944
0 0.9517704517704517 0.06776556776556776 0.045177045177045176 0.05128205128205128
0 0.9871794871794872 0.027472527472527472 0.02564102564102564 0.05128205128205128
0 0.8956043956043956 0.018315018315018316 0.03296703296703297 0.03296703296703297
0 0.9304029304029304 0.024725274725274724 0.03418803418803419 0.045787545787545784
0 0.9847374847374848 0.3983516483516483 0.030525030525030524 0.06776556776556776
0 0.688034188034188 0.09065934065934066 0.03296703296703297 0.045787545787545784
0 0.8205128205128205 0.19505494505494506 0.03418803418803419 0.04945054945054945
