0 0.2857142857142857 0.5668498168498168 0.04395604395604396 0.06043956043956044
0 0.32905982905982906 0.6401098901098901 0.042735042735042736 0.07142857142857142
0 0.336996336996337 0.7380952380952381 0.04151404151404151 0.06593406593406594
0 0.3876678876678877 0.739010989010989 0.03296703296703297 0.06043956043956044
0 0.4163614163614164 0.7847985347985348 0.03418803418803419 0.056776556776556776
0 0.4816849816849817 0.8882783882783882 0.03296703296703297 0.05128205128205128
0 0.4267399267399267 0.9496336996336996 0.03296703296703297 0.056776556776556776
0 0.38705738705738707 0.9358974358974359 0.029304029304029304 0.054945054945054944
0 0.3418803418803419 0.8388278388278388 0.03907203907203907 0.06227106227106227
0 0.2600732600732601 0.8534798534798534 0.03907203907203907 0.06593406593406594
0 0.2087912087912088 0.8809523809523809 0.031746031746031744 0.05128205128205128
0 0.16361416361416362 0.8379120879120879 0.04151404151404151 0.07142857142857142
0 0.10744810744810745 0.8315018315018315 0.03907203907203907 0.054945054945054944
0 0.10134310134310134 0.7481684981684982 0.03663003663003663 0.0641025641025641
0 0.08974358974358974 0.12454212454212454 0.047619047619047616 0.06227106227106227
0 0.018925518925518924 0.0521978021978022 0.03540903540903541 0.045787545787545784
1 0.018315018315018316 0.42216117216117216 0.02442002442002442 0.0347985347985348
1 0.06227106227106227 0.4166666666666667 0.03663003663003663 0.04212454212454213
1 0.0873015873015873 0.41208791208791207 0.028083028083028084 0.03296703296703297
1 0.115995115995116 0.40384615384615385 0.03418803418803419 0.045787545787545784
1 0.15506715506715507 0.3956043956043956 0.031746031746031744 0.04395604395604396
1 0.18376068376068377 0.39194139194139194 0.030525030525030524 0.040293040293040296
1 0.22344322344322345 0.3708791208791209 0.029304029304029304 0.04945054945054945
1 0.06715506715506715 0.4935897435897436 0.029304029304029304 0.04212454212454213
1 0.11660561660561661 0.49175824175824173 0.030525030525030524 0.0347985347985348
1 0.15567765567765568 0.4816849816849817 0.03785103785103785 0.03296703296703297
1 0.21428571428571427 0.4734432234432234 0.03296703296703297 0.04212454212454213
1 0.23992673992673993 0.4697802197802198 0.030525030525030524 0.04212454212454213
1 0.26495726495726496 0.4652014652014652 0.02442002442002442 0.05860805860805861
1 0.32967032967032966 0.48443223443223443 0.03907203907203907 0.07875457875457875
1 0.3363858363858364 0.5393772893772893 0.0231990231990232 0.038461538461538464
1 0.36507936507936506 0.5961538461538461 0.03418803418803419 0.045787545787545784
1 0.4017094017094017 0.5494505494505495 0.026862026862026864 0.03296703296703297
1 0.4340659340659341 0.641941391941392 0.03296703296703297 0.04945054945054945
1 0.39438339438339437 0.6401098901098901 0.03418803418803419 0.045787545787545784
1 0.4706959706959707 0.7417582417582418 0.028083028083028084 0.047619047619047616
1 0.31013431013431014 0.3443223443223443 0.03418803418803419 0.040293040293040296
1 0.3199023199023199 0.39194139194139194 0.02197802197802198 0.040293040293040296
1 0.32234432234432236 0.2976190476190476 0.03418803418803419 0.056776556776556776
1 0.31074481074481075 0.2316849816849817 0.03296703296703297 0.045787545787545784
1 0.362026862026862 0.27380952380952384 0.030525030525030524 0.045787545787545784
1 0.2777777777777778 0.22527472527472528 0.03785103785103785 0.047619047619047616
1 0.23015873015873015 0.04304029304029304 0.03296703296703297 0.05311355311355311
1 0.257020757020757 0.11813186813186813 0.040293040293040296 0.06776556776556776
1 0.5299145299145299 0.1346153846153846 0.04151404151404151 0.04945054945054945
1 0.5683760683760684 0.11263736263736264 0.03540903540903541 0.038461538461538464
1 0.8223443223443223 0.07051282051282051 0.030525030525030524 0.04212454212454213
1 0.7857142857142857 0.05860805860805861 0.02564102564102564 0.05128205128205128
1 0.04212454212454213 0.7554945054945055 0.040293040293040296 0.0347985347985348
1 0.052503052503052504 0.7902930402930403 0.026862026862026864 0.038461538461538464
1 0.10134310134310134 0.9276556776556777 0.03418803418803419 0.04212454212454213
0 0.13736263736263737 0.9423076923076923 0.028083028083028084 0.06043956043956044
1 0.02197802197802198 0.7152014652014652 0.029304029304029304 0.04212454212454213
