1 0.5012210012210012 0.6913919413919414 0.030525030525030524 0.05311355311355311
1 0.2557997557997558 0.7692307692307693 0.028083028083028084 0.04395604395604396
1 0.25396825396825395 0.8113553113553114 0.026862026862026864 0.040293040293040296
1 0.19658119658119658 0.5622710622710623 0.026862026862026864 0.03663003663003663
1 0.038461538461538464 0.14743589743589744 0.0231990231990232 0.031135531135531136
1 0.2783882783882784 0.12179487179487179 0.029304029304029304 0.04212454212454213
1 0.2851037851037851 0.031135531135531136 0.02564102564102564 0.03663003663003663
1 0.4133089133089133 0.22435897435897437 0.030525030525030524 0.031135531135531136
1 0.5927960927960928 0.5769230769230769 0.030525030525030524 0.040293040293040296
1 0.6355311355311355 0.6895604395604396 0.03785103785103785 0.05311355311355311
1 0.575091575091575 0.6620879120879121 0.029304029304029304 0.038461538461538464
1 0.5897435897435898 0.6172161172161172 0.04151404151404151 0.04395604395604396
1 0.6086691086691086 0.7490842490842491 0.030525030525030524 0.040293040293040296
1 0.6953601953601953 0.7701465201465202 0.045177045177045176 0.056776556776556776
1 0.7673992673992674 0.45054945054945056 0.03540903540903541 0.04395604395604396
1 0.47374847374847373 0.7893772893772893 0.02197802197802198 0.03663003663003663
0 0.021367521367521368 0.6391941391941391 0.040293040293040296 0.047619047619047616
0 0.057387057387057384 0.641941391941392 0.03663003663003663 0.056776556776556776
0 0.10927960927960928 0.6364468864468864 0.03540903540903541 0.05311355311355311
0 0.22466422466422467 0.4139194139194139 0.04884004884004884 0.06593406593406594
0 0.17887667887667888 0.34523809523809523 0.050061050061050064 0.06776556776556776
0 0.2258852258852259 0.29304029304029305 0.03663003663003663 0.04395604395604396
0 0.2045177045177045 0.11904761904761904 0.042735042735042736 0.06593406593406594
0 0.06654456654456654 0.23809523809523808 0.040293040293040296 0.047619047619047616
0 0.021367521367521368 0.30128205128205127 0.040293040293040296 0.056776556776556776
0 0.4908424908424908 0.9761904761904762 0.03907203907203907 0.047619047619047616
0 0.7326007326007326 0.771978021978022 0.03418803418803419 0.06043956043956044
0 0.6532356532356532 0.5293040293040293 0.04151404151404151 0.05860805860805861
0 0.532967032967033 0.5421245421245421 0.045177045177045176 0.05860805860805861
0 0.38156288156288154 0.4368131868131868 0.03540903540903541 0.05311355311355311
0 0.41086691086691085 0.44047619047619047 0.03296703296703297 0.056776556776556776
0 0.44932844932844934 0.43956043956043955 0.031746031746031744 0.05128205128205128
0 0.48656898656898656 0.4432234432234432 0.028083028083028084 0.047619047619047616
0 0.48595848595848595 0.38003663003663 0.04151404151404151 0.04945054945054945
0 0.5238095238095238 0.39285714285714285 0.03663003663003663 0.04945054945054945
0 0.5732600732600732 0.40476190476190477 0.042735042735042736 0.06227106227106227
0 0.6092796092796092 0.4001831501831502 0.04395604395604396 0.05311355311355311
