1 0.36385836385836384 0.8159340659340659 0.03663003663003663 0.045787545787545784
1 0.27106227106227104 0.8882783882783882 0.031746031746031744 0.040293040293040296
1 0.8424908424908425 0.4358974358974359 0.03418803418803419 0.047619047619047616
1 0.8449328449328449 0.48626373626373626 0.029304029304029304 0.031135531135531136
1 0.6410256410256411 0.6245421245421245 0.03418803418803419 0.047619047619047616
1 0.702075702075702 0.5384615384615384 0.026862026862026864 0.05860805860805861
1 0.6379731379731379 0.5613553113553114 0.030525030525030524 0.05311355311355311
1 0.5500610500610501 0.4084249084249084 0.03296703296703297 0.047619047619047616
1 0.6245421245421245 0.18681318681318682 0.03540903540903541 0.054945054945054944
1 0.7142857142857143 0.19413919413919414 0.031746031746031744 0.05128205128205128
1 0.5970695970695971 0.260989010989011 0.031746031746031744 0.045787545787545784
1 0.6581196581196581 0.27472527472527475 0.026862026862026864 0.040293040293040296
1 0.6239316239316239 0.36538461538461536 0.03418803418803419 0.045787545787545784
1 0.6318681318681318 0.4880952380952381 0.040293040293040296 0.05311355311355311
1 0.8113553113553114 0.028388278388278388 0.03296703296703297 0.045787545787545784
1 0.9224664224664225 0.12545787545787546 0.030525030525030524 0.04212454212454213
1 0.8565323565323565 0.057692307692307696 0.03785103785103785 0.04945054945054945
1 0.8754578754578755 0.8873626373626373 0.03663003663003663 0.04212454212454213
1 0.6727716727716728 0.7051282051282052 0.029304029304029304 0.03663003663003663
1 0.9737484737484737 0.1749084249084249 0.030525030525030524 0.045787545787545784
1 0.28815628815628813 0.18956043956043955 0.02442002442002442 0.038461538461538464
1 0.9120879120879121 0.565018315018315 0.02442002442002442 0.04945054945054945
