0 0.3308913308913309 0.28846153846153844 0.0463980463980464 0.06043956043956044
0 0.4072039072039072 0.2838827838827839 0.03296703296703297 0.05128205128205128
0 0.3986568986568987 0.33882783882783885 0.03296703296703297 0.047619047619047616
0 0.4536019536019536 0.34798534798534797 0.042735042735042736 0.0695970695970696
0 0.4462759462759463 0.2802197802197802 0.050061050061050064 0.06227106227106227
0 0.4945054945054945 0.39377289377289376 0.031746031746031744 0.047619047619047616
0 0.4438339438339438 0.4597069597069597 0.03785103785103785 0.054945054945054944
0 0.47557997557997556 0.49725274725274726 0.03540903540903541 0.05311355311355311
0 0.3901098901098901 0.5695970695970696 0.047619047619047616 0.0695970695970696
0 0.4706959706959707 0.5622710622710623 0.028083028083028084 0.04395604395604396
0 0.5830280830280831 0.42857142857142855 0.045177045177045176 0.06593406593406594
0 0.5531135531135531 0.36813186813186816 0.04151404151404151 0.054945054945054944
0 0.5122100122100122 0.26282051282051283 0.040293040293040296 0.05311355311355311
0 0.5482295482295483 0.3058608058608059 0.031746031746031744 0.05860805860805861
0 0.6111111111111112 0.49542124542124544 0.042735042735042736 0.07142857142857142
0 0.2564102564102564 0.3086080586080586 0.031746031746031744 0.05311355311355311
1 0.3137973137973138 0.06684981684981685 0.026862026862026864 0.038461538461538464
1 0.31807081807081805 0.1336996336996337 0.020757020757020756 0.02197802197802198
1 0.31746031746031744 0.18315018315018314 0.02197802197802198 0.03296703296703297
1 0.4017094017094017 0.11721611721611722 0.026862026862026864 0.029304029304029304
1 0.4267399267399267 0.11721611721611722 0.0231990231990232 0.03663003663003663
1 0.4542124542124542 0.10714285714285714 0.031746031746031744 0.04212454212454213
1 0.510989010989011 0.0347985347985348 0.03296703296703297 0.047619047619047616
1 0.5354090354090354 0.029304029304029304 0.0231990231990232 0.03663003663003663
1 0.5567765567765568 0.11721611721611722 0.029304029304029304 0.047619047619047616
1 0.6733821733821734 0.6062271062271062 0.042735042735042736 0.05128205128205128
1 0.8431013431013431 0.5347985347985348 0.03296703296703297 0.04395604395604396
1 0.8534798534798534 0.6895604395604396 0.03418803418803419 0.04945054945054945
1 0.8412698412698413 0.39194139194139194 0.031746031746031744 0.040293040293040296
1 0.8363858363858364 0.32051282051282054 0.031746031746031744 0.05128205128205128
1 0.8363858363858364 0.2591575091575092 0.03663003663003663 0.06043956043956044
0 0.6678876678876678 0.8910256410256411 0.0463980463980464 0.056776556776556776
