0 0.1221001221001221 0.045787545787545784 0.06349206349206349 0.07692307692307693
0 0.17643467643467645 0.056776556776556776 0.045177045177045176 0.07326007326007326
0 0.21916971916971917 0.10256410256410256 0.05982905982905983 0.07326007326007326
0 0.17582417582417584 0.1446886446886447 0.06349206349206349 0.05860805860805861
0 0.17582417582417584 0.1978021978021978 0.0463980463980464 0.07326007326007326
0 0.21123321123321123 0.19688644688644688 0.04151404151404151 0.045787545787545784
0 0.27533577533577536 0.1108058608058608 0.045177045177045176 0.07142857142857142
0 0.315018315018315 0.11904761904761904 0.0463980463980464 0.05860805860805861
0 0.23809523809523808 0.028388278388278388 0.05616605616605617 0.05311355311355311
0 0.3302808302808303 0.22527472527472528 0.050061050061050064 0.07326007326007326
0 0.3327228327228327 0.3058608058608059 0.042735042735042736 0.05860805860805861
0 0.10866910866910867 0.33882783882783885 0.04884004884004884 0.06593406593406594
0 0.10744810744810745 0.43131868131868134 0.03907203907203907 0.056776556776556776
0 0.19719169719169719 0.3608058608058608 0.03785103785103785 0.0695970695970696
0 0.23443223443223443 0.35622710622710624 0.04151404151404151 0.07142857142857142
0 0.1862026862026862 0.42857142857142855 0.042735042735042736 0.05860805860805861
0 0.23626373626373626 0.4441391941391941 0.052503052503052504 0.06043956043956044
