1 0.1111111111111111 0.7967032967032966 0.03418803418803419 0.04395604395604396
1 0.5085470085470085 0.5119047619047619 0.02564102564102564 0.0347985347985348
1 0.5231990231990232 0.543040293040293 0.028083028083028084 0.038461538461538464
1 0.5152625152625152 0.46153846153846156 0.026862026862026864 0.04395604395604396
1 0.5354090354090354 0.42948717948717946 0.0231990231990232 0.0347985347985348
1 0.554945054945055 0.4945054945054945 0.028083028083028084 0.040293040293040296
1 0.5463980463980463 0.5366300366300366 0.02564102564102564 0.040293040293040296
1 0.5824175824175825 0.41117216117216115 0.031746031746031744 0.06043956043956044
1 0.1617826617826618 0.9633699633699634 0.03296703296703297 0.04395604395604396
0 0.47924297924297926 0.804945054945055 0.045177045177045176 0.06043956043956044
0 0.40476190476190477 0.6620879120879121 0.050061050061050064 0.07509157509157509
0 0.5525030525030525 0.7142857142857143 0.03540903540903541 0.054945054945054944
0 0.4065934065934066 0.8186813186813187 0.05128205128205128 0.0695970695970696
0 0.4456654456654457 0.8076923076923077 0.03663003663003663 0.06593406593406594
0 0.3595848595848596 0.7673992673992674 0.03785103785103785 0.07326007326007326
0 0.37423687423687424 0.28113553113553114 0.042735042735042736 0.06776556776556776
0 0.41147741147741146 0.2902930402930403 0.04395604395604396 0.06043956043956044
0 0.4908424908424908 0.29212454212454214 0.05128205128205128 0.06776556776556776
0 0.45054945054945056 0.33882783882783885 0.03663003663003663 0.0695970695970696
0 0.5457875457875457 0.1813186813186813 0.04884004884004884 0.0695970695970696
0 0.5531135531135531 0.3315018315018315 0.05860805860805861 0.07326007326007326
0 0.42124542124542125 0.16666666666666666 0.05372405372405373 0.07326007326007326
0 0.4358974358974359 0.05860805860805861 0.04395604395604396 0.07692307692307693
0 0.40415140415140416 0.11446886446886446 0.0463980463980464 0.0641025641025641
1 0.6172161172161172 0.27289377289377287 0.028083028083028084 0.047619047619047616
