0 0.5293040293040293 0.2619047619047619 0.0231990231990232 0.03296703296703297
0 0.6135531135531136 0.23534798534798534 0.03540903540903541 0.045787545787545784
0 0.8315018315018315 0.19413919413919414 0.03907203907203907 0.054945054945054944
0 0.6709401709401709 0.3534798534798535 0.03540903540903541 0.047619047619047616
0 0.6788766788766789 0.43040293040293043 0.03418803418803419 0.04395604395604396
0 0.532967032967033 0.3901098901098901 0.03540903540903541 0.047619047619047616
0 0.6862026862026862 0.5668498168498168 0.03663003663003663 0.056776556776556776
0 0.7258852258852259 0.4194139194139194 0.03785103785103785 0.05128205128205128
0 0.7612942612942613 0.3443223443223443 0.03785103785103785 0.040293040293040296
0 0.645909645909646 0.576007326007326 0.029304029304029304 0.045787545787545784
0 0.6904761904761905 0.6318681318681318 0.03296703296703297 0.05128205128205128
0 0.6996336996336996 0.7005494505494505 0.031746031746031744 0.056776556776556776
0 0.6514041514041514 0.7097069597069597 0.030525030525030524 0.045787545787545784
0 0.6691086691086691 0.8434065934065934 0.03663003663003663 0.04945054945054945
0 0.5744810744810744 0.8571428571428571 0.030525030525030524 0.040293040293040296
0 0.7051282051282052 0.7710622710622711 0.03296703296703297 0.05128205128205128
0 0.017094017094017096 0.8846153846153846 0.029304029304029304 0.07692307692307693
0 0.022588522588522588 0.9459706959706959 0.03540903540903541 0.05311355311355311
0 0.054334554334554336 0.9313186813186813 0.03296703296703297 0.04945054945054945
1 0.3778998778998779 0.815018315018315 0.047619047619047616 0.06593406593406594
1 0.605006105006105 0.8205128205128205 0.03540903540903541 0.05128205128205128
1 0.6214896214896215 0.7921245421245421 0.031746031746031744 0.04945054945054945
1 0.57997557997558 0.42216117216117216 0.03418803418803419 0.045787545787545784
1 0.7673992673992674 0.3159340659340659 0.030525030525030524 0.04945054945054945
1 0.5225885225885226 0.15842490842490842 0.031746031746031744 0.04212454212454213
1 0.8388278388278388 0.09981684981684982 0.031746031746031744 0.05311355311355311
1 0.9432234432234432 0.07509157509157509 0.03785103785103785 0.047619047619047616
1 0.11904761904761904 0.6071428571428571 0.028083028083028084 0.038461538461538464
1 0.014041514041514042 0.4880952380952381 0.02564102564102564 0.04945054945054945
