0 0.06654456654456654 0.06227106227106227 0.050061050061050064 0.06227106227106227
0 0.17765567765567766 0.3873626373626374 0.045177045177045176 0.05311355311355311
0 0.22039072039072038 0.3836996336996337 0.042735042735042736 0.04945054945054945
0 0.1807081807081807 0.45695970695970695 0.04395604395604396 0.06043956043956044
0 0.22039072039072038 0.4624542124542125 0.040293040293040296 0.056776556776556776
0 0.22283272283272285 0.5192307692307693 0.03785103785103785 0.06043956043956044
0 0.1800976800976801 0.5686813186813187 0.042735042735042736 0.056776556776556776
0 0.41514041514041516 0.4166666666666667 0.05128205128205128 0.0641025641025641
0 0.4719169719169719 0.48717948717948717 0.045177045177045176 0.06227106227106227
0 0.43833943833943834 0.5485347985347986 0.0463980463980464 0.06043956043956044
0 0.5354090354090354 0.47802197802197804 0.030525030525030524 0.05128205128205128
0 0.5402930402930403 0.5467032967032966 0.040293040293040296 0.045787545787545784
0 0.5372405372405372 0.6071428571428571 0.03663003663003663 0.038461538461538464
0 0.5305250305250305 0.6684981684981685 0.028083028083028084 0.040293040293040296
0 0.5818070818070818 0.6611721611721612 0.028083028083028084 0.040293040293040296
0 0.45604395604395603 0.08241758241758242 0.03785103785103785 0.047619047619047616
0 0.4536019536019536 0.12179487179487179 0.040293040293040296 0.04945054945054945
0 0.4523809523809524 0.16666666666666666 0.045177045177045176 0.047619047619047616
0 0.5848595848595849 0.12087912087912088 0.0463980463980464 0.07326007326007326
1 0.07936507936507936 0.14743589743589744 0.029304029304029304 0.045787545787545784
1 0.08547008547008547 0.19505494505494506 0.04395604395604396 0.04945054945054945
1 0.05616605616605617 0.8269230769230769 0.03663003663003663 0.056776556776556776
1 0.08363858363858363 0.826007326007326 0.040293040293040296 0.04395604395604396
1 0.11782661782661782 0.8287545787545788 0.03296703296703297 0.038461538461538464
1 0.1568986568986569 0.8241758241758241 0.045177045177045176 0.047619047619047616
1 0.18864468864468864 0.8186813186813187 0.028083028083028084 0.05128205128205128
1 0.2081807081807082 0.8214285714285714 0.03296703296703297 0.04212454212454213
1 0.23931623931623933 0.8278388278388278 0.03663003663003663 0.05128205128205128
1 0.19291819291819293 0.28205128205128205 0.031746031746031744 0.04395604395604396
1 0.3156288156288156 0.07417582417582418 0.040293040293040296 0.04945054945054945
1 0.33455433455433453 0.2271062271062271 0.03418803418803419 0.054945054945054944
1 0.32905982905982906 0.3141025641025641 0.03296703296703297 0.045787545787545784
1 0.3992673992673993 0.3086080586080586 0.029304029304029304 0.04945054945054945
1 0.4084249084249084 0.3608058608058608 0.028083028083028084 0.03663003663003663
1 0.47435897435897434 0.6868131868131868 0.028083028083028084 0.04395604395604396
1 0.47374847374847373 0.717032967032967 0.019536019536019536 0.0347985347985348
1 0.8137973137973138 0.34615384615384615 0.03540903540903541 0.05128205128205128
1 0.8089133089133089 0.37454212454212454 0.03296703296703297 0.04212454212454213
1 0.8986568986568987 0.3553113553113553 0.031746031746031744 0.047619047619047616
0 0.7203907203907204 0.028388278388278388 0.031746031746031744 0.05311355311355311
0 0.5659340659340659 0.40476190476190477 0.045177045177045176 0.06227106227106227
0 0.9261294261294262 0.1804029304029304 0.03785103785103785 0.06043956043956044
