0 0.054945054945054944 0.3434065934065934 0.04884004884004884 0.07509157509157509
0 0.03785103785103785 0.2838827838827839 0.05128205128205128 0.0695970695970696
0 0.1282051282051282 0.358974358974359 0.05128205128205128 0.06227106227106227
0 0.047619047619047616 0.5695970695970696 0.0463980463980464 0.06593406593406594
0 0.08424908424908426 0.5732600732600732 0.0463980463980464 0.05860805860805861
0 0.1452991452991453 0.608058608058608 0.03663003663003663 0.054945054945054944
0 0.18253968253968253 0.6108058608058609 0.050061050061050064 0.0641025641025641
0 0.152014652014652 0.5402930402930403 0.047619047619047616 0.08424908424908426
0 0.19352869352869354 0.5439560439560439 0.047619047619047616 0.06593406593406594
0 0.2277167277167277 0.5375457875457875 0.047619047619047616 0.07509157509157509
0 0.2277167277167277 0.47619047619047616 0.047619047619047616 0.06593406593406594
0 0.29181929181929184 0.5073260073260073 0.04395604395604396 0.06227106227106227
0 0.3156288156288156 0.43131868131868134 0.050061050061050064 0.06776556776556776
0 0.34676434676434675 0.38461538461538464 0.04884004884004884 0.07326007326007326
0 0.21184371184371184 0.36996336996337 0.045177045177045176 0.054945054945054944
0 0.28266178266178266 0.3241758241758242 0.042735042735042736 0.05860805860805861
0 0.2087912087912088 0.25824175824175827 0.03663003663003663 0.047619047619047616
0 0.25274725274725274 0.27106227106227104 0.03418803418803419 0.05128205128205128
0 0.3156288156288156 0.27472527472527475 0.045177045177045176 0.05860805860805861
0 0.20512820512820512 0.31135531135531136 0.04395604395604396 0.06227106227106227
0 0.17704517704517705 0.3086080586080586 0.03663003663003663 0.05311355311355311
0 0.1575091575091575 0.46153846153846156 0.0463980463980464 0.0695970695970696
0 0.1330891330891331 0.026556776556776556 0.03907203907203907 0.04945054945054945
1 0.06532356532356533 0.14560439560439561 0.03785103785103785 0.056776556776556776
1 0.1105006105006105 0.15018315018315018 0.03540903540903541 0.040293040293040296
1 0.28205128205128205 0.17765567765567766 0.02197802197802198 0.04395604395604396
1 0.36874236874236876 0.029304029304029304 0.029304029304029304 0.040293040293040296
1 0.362026862026862 0.15842490842490842 0.030525030525030524 0.038461538461538464
1 0.09829059829059829 0.02197802197802198 0.028083028083028084 0.040293040293040296
1 0.3595848595848596 0.34065934065934067 0.030525030525030524 0.05128205128205128
0 0.9682539682539683 0.5695970695970696 0.03907203907203907 0.05128205128205128
0 0.9560439560439561 0.2591575091575092 0.03907203907203907 0.05311355311355311
0 0.9371184371184371 0.4624542124542125 0.03296703296703297 0.038461538461538464
