1 0.26556776556776557 0.43956043956043955 0.040293040293040296 0.05128205128205128
1 0.27289377289377287 0.5009157509157509 0.03296703296703297 0.056776556776556776
1 0.2692307692307692 0.5659340659340659 0.03540903540903541 0.05860805860805861
1 0.268009768009768 0.6309523809523809 0.028083028083028084 0.038461538461538464
1 0.27289377289377287 0.6703296703296703 0.03540903540903541 0.04395604395604396
1 0.268009768009768 0.7454212454212454 0.03296703296703297 0.03663003663003663
1 0.26556776556776557 0.7774725274725275 0.03540903540903541 0.04212454212454213
1 0.03418803418803419 0.6318681318681318 0.03418803418803419 0.040293040293040296
1 0.01282051282051282 0.6428571428571429 0.0231990231990232 0.047619047619047616
1 0.23443223443223443 0.8882783882783882 0.031746031746031744 0.04395604395604396
1 0.21245421245421245 0.8809523809523809 0.02442002442002442 0.047619047619047616
1 0.18864468864468864 0.8772893772893773 0.028083028083028084 0.047619047619047616
1 0.14652014652014653 0.8644688644688645 0.04395604395604396 0.047619047619047616
1 0.11233211233211234 0.8690476190476191 0.029304029304029304 0.06043956043956044
1 0.08791208791208792 0.8681318681318682 0.031746031746031744 0.054945054945054944
1 0.06227106227106227 0.8681318681318682 0.029304029304029304 0.047619047619047616
1 0.04151404151404151 0.86996336996337 0.031746031746031744 0.04395604395604396
1 0.022588522588522588 0.8690476190476191 0.020757020757020756 0.04212454212454213
1 0.2771672771672772 0.9194139194139194 0.02442002442002442 0.040293040293040296
1 0.5225885225885226 0.9065934065934066 0.02442002442002442 0.03663003663003663
1 0.6257631257631258 0.2591575091575092 0.030525030525030524 0.045787545787545784
1 0.6214896214896215 0.5531135531135531 0.02442002442002442 0.03663003663003663
1 0.37545787545787546 0.8763736263736264 0.03296703296703297 0.04945054945054945
0 0.17643467643467645 0.4652014652014652 0.03785103785103785 0.05860805860805861
0 0.2148962148962149 0.4716117216117216 0.03418803418803419 0.04945054945054945
0 0.20512820512820512 0.586996336996337 0.04151404151404151 0.045787545787545784
0 0.6056166056166056 0.04487179487179487 0.03663003663003663 0.0641025641025641
0 0.8644688644688645 0.12637362637362637 0.03663003663003663 0.06227106227106227
0 0.7442002442002442 0.7124542124542125 0.040293040293040296 0.054945054945054944
0 0.7435897435897436 0.8315018315018315 0.031746031746031744 0.054945054945054944
0 0.746031746031746 0.8827838827838828 0.031746031746031744 0.05128205128205128
0 0.6947496947496947 0.8864468864468864 0.04395604395604396 0.05860805860805861
0 0.6923076923076923 0.8177655677655677 0.04151404151404151 0.0641025641025641
0 0.648962148962149 0.8241758241758241 0.047619047619047616 0.06227106227106227
0 0.5927960927960928 0.8763736263736264 0.03540903540903541 0.056776556776556776
0 0.626984126984127 0.8864468864468864 0.030525030525030524 0.05860805860805861
0 0.6514041514041514 0.8827838827838828 0.030525030525030524 0.05128205128205128
0 0.5531135531135531 0.7948717948717948 0.0463980463980464 0.07326007326007326
0 0.6031746031746031 0.8195970695970696 0.0463980463980464 0.0641025641025641
0 0.4627594627594628 0.9615384615384616 0.04151404151404151 0.06593406593406594
0 0.4926739926739927 0.9716117216117216 0.042735042735042736 0.045787545787545784
0 0.5512820512820513 0.9716117216117216 0.052503052503052504 0.05311355311355311
0 0.6184371184371185 0.9688644688644689 0.050061050061050064 0.06227106227106227
0 0.4804639804639805 0.8534798534798534 0.052503052503052504 0.06593406593406594
0 0.47802197802197804 0.8058608058608059 0.047619047619047616 0.05128205128205128
0 0.47374847374847373 0.7490842490842491 0.05128205128205128 0.05860805860805861
0 0.4700854700854701 0.684981684981685 0.04395604395604396 0.06227106227106227
0 0.3956043956043956 0.7921245421245421 0.03907203907203907 0.04945054945054945
0 0.43162393162393164 0.7509157509157509 0.03785103785103785 0.05128205128205128
0 0.3956043956043956 0.739010989010989 0.04395604395604396 0.056776556776556776
0 0.3626373626373626 0.7326007326007326 0.03418803418803419 0.05128205128205128
0 0.3315018315018315 0.7289377289377289 0.03540903540903541 0.040293040293040296
0 0.3046398046398046 0.6785714285714286 0.042735042735042736 0.04212454212454213
0 0.3046398046398046 0.6227106227106227 0.03540903540903541 0.05128205128205128
