1 0.5427350427350427 0.4258241758241758 0.02564102564102564 0.04212454212454213
1 0.5482295482295483 0.5293040293040293 0.031746031746031744 0.047619047619047616
1 0.6233211233211233 0.5 0.030525030525030524 0.047619047619047616
1 0.6733821733821734 0.2445054945054945 0.042735042735042736 0.05311355311355311
1 0.5201465201465202 0.22344322344322345 0.03663003663003663 0.05128205128205128
1 0.5354090354090354 0.16941391941391942 0.028083028083028084 0.045787545787545784
1 0.746031746031746 0.41025641025641024 0.026862026862026864 0.047619047619047616
1 0.7710622710622711 0.6858974358974359 0.045177045177045176 0.06043956043956044
1 0.847985347985348 0.9102564102564102 0.045177045177045176 0.06593406593406594
1 0.9743589743589743 0.63003663003663 0.03418803418803419 0.054945054945054944
1 0.5934065934065934 0.6538461538461539 0.031746031746031744 0.054945054945054944
1 0.6807081807081807 0.6282051282051282 0.03540903540903541 0.05128205128205128
1 0.5604395604395604 0.7664835164835165 0.04884004884004884 0.04945054945054945
1 0.5146520146520146 0.8223443223443223 0.030525030525030524 0.04395604395604396
1 0.5018315018315018 0.8470695970695971 0.04395604395604396 0.0347985347985348
1 0.36324786324786323 0.8241758241758241 0.042735042735042736 0.05128205128205128
1 0.35653235653235654 0.8827838827838828 0.03907203907203907 0.05128205128205128
1 0.4230769230769231 0.9505494505494505 0.030525030525030524 0.06227106227106227
1 0.3888888888888889 0.8882783882783882 0.040293040293040296 0.047619047619047616
1 0.29365079365079366 0.9093406593406593 0.03785103785103785 0.04212454212454213
1 0.33943833943833945 0.945054945054945 0.03418803418803419 0.04395604395604396
1 0.23076923076923078 0.9743589743589743 0.03663003663003663 0.047619047619047616
1 0.17582417582417584 0.9340659340659341 0.03907203907203907 0.06593406593406594
1 0.23748473748473747 0.6904761904761905 0.03540903540903541 0.054945054945054944
1 0.16117216117216118 0.8663003663003663 0.04395604395604396 0.05860805860805861
1 0.2222222222222222 0.7536630036630036 0.02442002442002442 0.0347985347985348
1 0.1862026862026862 0.6336996336996337 0.03785103785103785 0.03296703296703297
1 0.07326007326007326 0.6053113553113553 0.03663003663003663 0.045787545787545784
1 0.1617826617826618 0.46794871794871795 0.03296703296703297 0.0347985347985348
1 0.22344322344322345 0.4606227106227106 0.04395604395604396 0.056776556776556776
1 0.2032967032967033 0.5695970695970696 0.028083028083028084 0.03663003663003663
1 0.28266178266178266 0.5815018315018315 0.045177045177045176 0.07509157509157509
1 0.31807081807081805 0.2326007326007326 0.030525030525030524 0.05128205128205128
1 0.1227106227106227 0.31135531135531136 0.03540903540903541 0.040293040293040296
1 0.1978021978021978 0.32234432234432236 0.026862026862026864 0.040293040293040296
1 0.08302808302808302 0.358974358974359 0.031746031746031744 0.05128205128205128
1 0.07814407814407814 0.2445054945054945 0.029304029304029304 0.045787545787545784
1 0.12454212454212454 0.2554945054945055 0.05372405372405373 0.04945054945054945
1 0.14346764346764346 0.1987179487179487 0.050061050061050064 0.04945054945054945
1 0.1752136752136752 0.24816849816849818 0.040293040293040296 0.05311355311355311
1 0.033577533577533576 0.2271062271062271 0.03540903540903541 0.054945054945054944
1 0.04700854700854701 0.1804029304029304 0.03296703296703297 0.04945054945054945
1 0.12393162393162394 0.12637362637362637 0.030525030525030524 0.04395604395604396
1 0.02442002442002442 0.32875457875457875 0.031746031746031744 0.06776556776556776
1 0.11782661782661782 0.43223443223443225 0.042735042735042736 0.05128205128205128
1 0.07387057387057387 0.5183150183150184 0.042735042735042736 0.06227106227106227
1 0.08241758241758242 0.45146520146520147 0.042735042735042736 0.05311355311355311
1 0.3803418803418803 0.06776556776556776 0.03785103785103785 0.054945054945054944
1 0.4084249084249084 0.06135531135531135 0.047619047619047616 0.08974358974358974
1 0.7203907203907204 0.05036630036630037 0.03663003663003663 0.06776556776556776
1 0.33821733821733824 0.16666666666666666 0.04151404151404151 0.054945054945054944
1 0.019536019536019536 0.7875457875457875 0.03663003663003663 0.054945054945054944
1 0.35836385836385837 0.36721611721611724 0.030525030525030524 0.045787545787545784
