1 0.8827838827838828 0.09340659340659341 0.03418803418803419 0.040293040293040296
1 0.8754578754578755 0.13644688644688643 0.03663003663003663 0.04945054945054945
1 0.8687423687423688 0.18956043956043955 0.02564102564102564 0.038461538461538464
1 0.8663003663003663 0.21336996336996336 0.02564102564102564 0.0347985347985348
1 0.8528693528693528 0.29120879120879123 0.03540903540903541 0.047619047619047616
1 0.8547008547008547 0.3891941391941392 0.03418803418803419 0.045787545787545784
1 0.5567765567765568 0.8672161172161172 0.03907203907203907 0.04945054945054945
1 0.6031746031746031 0.782967032967033 0.03418803418803419 0.04945054945054945
1 0.6446886446886447 0.8223443223443223 0.05372405372405373 0.054945054945054944
1 0.6813186813186813 0.7783882783882784 0.05372405372405373 0.05128205128205128
1 0.7008547008547008 0.8351648351648352 0.03418803418803419 0.047619047619047616
1 0.7893772893772893 0.7893772893772893 0.06471306471306472 0.05860805860805861
1 0.7967032967032966 0.6666666666666666 0.030525030525030524 0.03663003663003663
1 0.5512820512820513 0.6437728937728938 0.042735042735042736 0.05311355311355311
1 0.5976800976800977 0.6410256410256411 0.045177045177045176 0.09157509157509157
1 0.63003663003663 0.6547619047619048 0.026862026862026864 0.06776556776556776
1 0.6636141636141636 0.6694139194139194 0.040293040293040296 0.07509157509157509
1 0.7002442002442002 0.7087912087912088 0.03540903540903541 0.04395604395604396
1 0.7374847374847375 0.7197802197802198 0.03418803418803419 0.03663003663003663
1 0.7411477411477412 0.7655677655677655 0.026862026862026864 0.040293040293040296
1 0.29365079365079366 0.9523809523809523 0.03540903540903541 0.047619047619047616
0 0.3241758241758242 0.4478021978021978 0.040293040293040296 0.0641025641025641
0 0.28144078144078144 0.4249084249084249 0.03296703296703297 0.047619047619047616
0 0.2948717948717949 0.36996336996337 0.047619047619047616 0.047619047619047616
0 0.2661782661782662 0.2893772893772894 0.03907203907203907 0.05860805860805861
0 0.3058608058608059 0.31227106227106227 0.040293040293040296 0.06043956043956044
0 0.3492063492063492 0.33516483516483514 0.03663003663003663 0.05860805860805861
0 0.3711843711843712 0.2774725274725275 0.04151404151404151 0.056776556776556776
0 0.3992673992673993 0.12728937728937728 0.03907203907203907 0.05311355311355311
0 0.44871794871794873 0.15934065934065933 0.03296703296703297 0.05128205128205128
0 0.4829059829059829 0.17582417582417584 0.047619047619047616 0.05860805860805861
0 0.47374847374847373 0.23992673992673993 0.04151404151404151 0.0695970695970696
0 0.5244200244200244 0.24175824175824176 0.040293040293040296 0.0695970695970696
0 0.5079365079365079 0.3232600732600733 0.03418803418803419 0.056776556776556776
0 0.5427350427350427 0.3315018315018315 0.03785103785103785 0.054945054945054944
0 0.44932844932844934 0.42032967032967034 0.04151404151404151 0.06043956043956044
0 0.49206349206349204 0.44505494505494503 0.04395604395604396 0.05128205128205128
0 0.47924297924297926 0.49725274725274726 0.042735042735042736 0.06776556776556776
0 0.4365079365079365 0.4807692307692308 0.03785103785103785 0.04945054945054945
0 0.3547008547008547 0.5155677655677655 0.03785103785103785 0.0641025641025641
0 0.5036630036630036 0.5073260073260073 0.042735042735042736 0.054945054945054944
0 0.6056166056166056 0.5201465201465202 0.03663003663003663 0.05860805860805861
0 0.5811965811965812 0.37637362637362637 0.03907203907203907 0.0641025641025641
