0 0.43040293040293043 0.8351648351648352 0.057387057387057384 0.0695970695970696
0 0.48595848595848595 0.771978021978022 0.0463980463980464 0.06043956043956044
0 0.4816849816849817 0.8388278388278388 0.047619047619047616 0.0695970695970696
0 0.5268620268620269 0.8388278388278388 0.052503052503052504 0.0695970695970696
0 0.38644688644688646 0.9056776556776557 0.047619047619047616 0.06776556776556776
0 0.43223443223443225 0.9047619047619048 0.0463980463980464 0.06593406593406594
0 0.47557997557997556 0.8983516483516484 0.047619047619047616 0.07142857142857142
0 0.8058608058608059 0.6373626373626373 0.05616605616605617 0.08424908424908426
0 0.7881562881562881 0.7756410256410257 0.054945054945054944 0.06776556776556776
0 0.8205128205128205 0.8342490842490843 0.05128205128205128 0.06776556776556776
0 0.909035409035409 0.7866300366300366 0.047619047619047616 0.07509157509157509
0 0.9444444444444444 0.771978021978022 0.057387057387057384 0.08241758241758242
0 0.9487179487179487 0.8269230769230769 0.0463980463980464 0.08608058608058608
0 0.8760683760683761 0.3516483516483517 0.03540903540903541 0.047619047619047616
0 0.23565323565323565 0.3076923076923077 0.03418803418803419 0.05128205128205128
0 0.2271062271062271 0.46794871794871795 0.04884004884004884 0.06043956043956044
0 0.22405372405372406 0.5210622710622711 0.045177045177045176 0.06043956043956044
0 0.06227106227106227 0.6556776556776557 0.05372405372405373 0.06227106227106227
0 0.06715506715506715 0.706959706959707 0.04151404151404151 0.05860805860805861
0 0.836996336996337 0.5604395604395604 0.054945054945054944 0.07326007326007326
0 0.6263736263736264 0.7271062271062271 0.03907203907203907 0.06227106227106227
0 0.63003663003663 0.6675824175824175 0.0463980463980464 0.06776556776556776
0 0.6746031746031746 0.5934065934065934 0.045177045177045176 0.06227106227106227
0 0.9481074481074481 0.7106227106227107 0.052503052503052504 0.07692307692307693
