1 0.06837606837606838 0.17032967032967034 0.029304029304029304 0.047619047619047616
1 0.07875457875457875 0.2078754578754579 0.02564102564102564 0.0347985347985348
1 0.08608058608058608 0.23809523809523808 0.03785103785103785 0.040293040293040296
1 0.10012210012210013 0.28113553113553114 0.031746031746031744 0.05311355311355311
1 0.115995115995116 0.36446886446886445 0.03418803418803419 0.03663003663003663
1 0.06471306471306472 0.5375457875457875 0.031746031746031744 0.04945054945054945
1 0.08974358974358974 0.5274725274725275 0.030525030525030524 0.05128205128205128
1 0.11782661782661782 0.5164835164835165 0.02564102564102564 0.040293040293040296
1 0.18742368742368742 0.4642857142857143 0.028083028083028084 0.045787545787545784
1 0.21001221001221002 0.5 0.029304029304029304 0.054945054945054944
1 0.2039072039072039 0.5714285714285714 0.029304029304029304 0.047619047619047616
1 0.16056166056166057 0.48534798534798534 0.02564102564102564 0.03663003663003663
1 0.2326007326007326 0.6639194139194139 0.03540903540903541 0.04945054945054945
1 0.23992673992673993 0.7133699633699634 0.03296703296703297 0.05311355311355311
1 0.27167277167277165 0.782051282051282 0.03296703296703297 0.05860805860805861
1 0.28083028083028083 0.847985347985348 0.04151404151404151 0.05128205128205128
1 0.28815628815628813 0.8974358974358975 0.029304029304029304 0.040293040293040296
1 0.3308913308913309 0.9010989010989011 0.029304029304029304 0.047619047619047616
1 0.33455433455433453 0.9587912087912088 0.026862026862026864 0.04212454212454213
1 0.3998778998778999 0.9010989010989011 0.030525030525030524 0.04395604395604396
1 0.5830280830280831 0.7582417582417582 0.028083028083028084 0.03663003663003663
1 0.5512820512820513 0.7793040293040293 0.03540903540903541 0.045787545787545784
1 0.6428571428571429 0.7261904761904762 0.042735042735042736 0.056776556776556776
1 0.6807081807081807 0.6886446886446886 0.03785103785103785 0.040293040293040296
1 0.7423687423687424 0.6565934065934066 0.04151404151404151 0.04212454212454213
1 0.7948717948717948 0.5421245421245421 0.04151404151404151 0.06227106227106227
1 0.7747252747252747 0.48443223443223443 0.040293040293040296 0.04945054945054945
1 0.76007326007326 0.42948717948717946 0.030525030525030524 0.05311355311355311
1 0.5195360195360196 0.12728937728937728 0.020757020757020756 0.0347985347985348
1 0.5451770451770451 0.09706959706959707 0.03296703296703297 0.040293040293040296
1 0.6465201465201466 0.13553113553113552 0.02564102564102564 0.047619047619047616
1 0.6263736263736264 0.14926739926739926 0.02197802197802198 0.045787545787545784
1 0.5665445665445665 0.19230769230769232 0.031746031746031744 0.054945054945054944
1 0.6294261294261294 0.040293040293040296 0.018315018315018316 0.03663003663003663
1 0.6971916971916972 0.24725274725274726 0.029304029304029304 0.05128205128205128
1 0.7405372405372406 0.3232600732600733 0.030525030525030524 0.045787545787545784
1 0.2509157509157509 0.14194139194139194 0.028083028083028084 0.038461538461538464
1 0.22283272283272285 0.024725274725274724 0.03785103785103785 0.04212454212454213
0 0.07631257631257632 0.42765567765567764 0.06227106227106227 0.0641025641025641
0 0.029304029304029304 0.4523809523809524 0.03907203907203907 0.05128205128205128
0 0.04700854700854701 0.3232600732600733 0.050061050061050064 0.07142857142857142
0 0.051892551892551896 0.08333333333333333 0.052503052503052504 0.07142857142857142
0 0.023809523809523808 0.11996336996336997 0.045177045177045176 0.07142857142857142
0 0.017704517704517704 0.391025641025641 0.03296703296703297 0.07509157509157509
0 0.23809523809523808 0.27472527472527475 0.0463980463980464 0.07326007326007326
0 0.19108669108669107 0.23443223443223443 0.045177045177045176 0.0695970695970696
0 0.15323565323565325 0.1978021978021978 0.03540903540903541 0.05860805860805861
0 0.17032967032967034 0.1749084249084249 0.045177045177045176 0.04945054945054945
0 0.2026862026862027 0.16391941391941392 0.05372405372405373 0.06043956043956044
0 0.13553113553113552 0.0347985347985348 0.06837606837606838 0.06593406593406594
0 0.3504273504273504 0.12637362637362637 0.0463980463980464 0.06227106227106227
0 0.29304029304029305 0.1620879120879121 0.03663003663003663 0.0641025641025641
0 0.2838827838827839 0.09981684981684982 0.042735042735042736 0.0641025641025641
0 0.19352869352869354 0.10714285714285714 0.03540903540903541 0.056776556776556776
0 0.07387057387057387 0.7664835164835165 0.03785103785103785 0.05311355311355311
0 0.1043956043956044 0.7582417582417582 0.030525030525030524 0.054945054945054944
0 0.043345543345543344 0.5915750915750916 0.03540903540903541 0.05860805860805861
0 0.3412698412698413 0.21245421245421245 0.040293040293040296 0.04395604395604396
