0 0.503052503052503 0.5924908424908425 0.04395604395604396 0.05311355311355311
0 0.5061050061050061 0.6373626373626373 0.03540903540903541 0.05128205128205128
0 0.6556776556776557 0.5412087912087912 0.05372405372405373 0.07509157509157509
0 0.6141636141636142 0.31135531135531136 0.03663003663003663 0.06227106227106227
0 0.6544566544566545 0.3076923076923077 0.04151404151404151 0.0695970695970696
0 0.6941391941391941 0.31043956043956045 0.050061050061050064 0.07142857142857142
0 0.6800976800976801 0.5833333333333334 0.0463980463980464 0.07142857142857142
0 0.6324786324786325 0.8113553113553114 0.03418803418803419 0.04395604395604396
0 0.782051282051282 0.7316849816849816 0.03540903540903541 0.056776556776556776
0 0.5903540903540904 0.8663003663003663 0.040293040293040296 0.054945054945054944
0 0.645909645909646 0.8965201465201466 0.0463980463980464 0.06776556776556776
0 0.6929181929181929 0.9203296703296703 0.042735042735042736 0.05311355311355311
0 0.7374847374847375 0.8681318681318682 0.04151404151404151 0.05860805860805861
0 0.7924297924297924 0.86996336996337 0.04884004884004884 0.05860805860805861
1 0.608058608058608 0.7417582417582418 0.029304029304029304 0.04395604395604396
1 0.6507936507936508 0.7362637362637363 0.029304029304029304 0.05128205128205128
1 0.31684981684981683 0.5155677655677655 0.028083028083028084 0.0347985347985348
1 0.34493284493284493 0.5842490842490843 0.028083028083028084 0.047619047619047616
1 0.3522588522588523 0.76007326007326 0.028083028083028084 0.040293040293040296
1 0.3614163614163614 0.8910256410256411 0.02442002442002442 0.04212454212454213
1 0.3540903540903541 0.9386446886446886 0.026862026862026864 0.045787545787545784
