0 0.35836385836385837 0.0815018315018315 0.047619047619047616 0.06776556776556776
0 0.6715506715506715 0.43315018315018317 0.03663003663003663 0.0641025641025641
0 0.231990231990232 0.29945054945054944 0.0463980463980464 0.056776556776556776
0 0.10561660561660562 0.3131868131868132 0.047619047619047616 0.054945054945054944
0 0.08241758241758242 0.5439560439560439 0.03785103785103785 0.040293040293040296
0 0.26312576312576313 0.7875457875457875 0.042735042735042736 0.06227106227106227
0 0.21428571428571427 0.891941391941392 0.047619047619047616 0.0695970695970696
0 0.11233211233211234 0.7362637362637363 0.05616605616605617 0.06593406593406594
0 0.4163614163614164 0.7692307692307693 0.06349206349206349 0.07692307692307693
0 0.3553113553113553 0.6547619047619048 0.05616605616605617 0.07142857142857142
0 0.351037851037851 0.5897435897435898 0.050061050061050064 0.07326007326007326
0 0.4139194139194139 0.6959706959706959 0.04884004884004884 0.06227106227106227
0 0.4523809523809524 0.7087912087912088 0.03540903540903541 0.047619047619047616
0 0.4993894993894994 0.7628205128205128 0.05128205128205128 0.06043956043956044
0 0.5616605616605617 0.7344322344322345 0.0463980463980464 0.05860805860805861
0 0.4371184371184371 0.5494505494505495 0.05372405372405373 0.07326007326007326
0 0.518925518925519 0.434981684981685 0.05372405372405373 0.0641025641025641
0 0.5244200244200244 0.48443223443223443 0.03540903540903541 0.05311355311355311
0 0.590964590964591 0.4340659340659341 0.04151404151404151 0.06593406593406594
0 0.5567765567765568 0.43040293040293043 0.04151404151404151 0.06593406593406594
0 0.6343101343101343 0.4340659340659341 0.042735042735042736 0.06593406593406594
0 0.6336996336996337 0.38553113553113555 0.03663003663003663 0.04212454212454213
0 0.7142857142857143 0.43864468864468864 0.031746031746031744 0.056776556776556776
0 0.7466422466422467 0.4908424908424908 0.042735042735042736 0.0695970695970696
0 0.6770451770451771 0.48717948717948717 0.03296703296703297 0.054945054945054944
0 0.6416361416361417 0.4880952380952381 0.052503052503052504 0.07142857142857142
0 0.5964590964590964 0.4908424908424908 0.047619047619047616 0.06593406593406594
0 0.518925518925519 0.5311355311355311 0.0463980463980464 0.04395604395604396
0 0.503052503052503 0.6327838827838828 0.03907203907203907 0.06043956043956044
0 0.6550671550671551 0.7582417582417582 0.052503052503052504 0.08058608058608059
0 0.6923076923076923 0.7051282051282052 0.05128205128205128 0.08058608058608059
0 0.7643467643467643 0.7957875457875457 0.05128205128205128 0.06043956043956044
0 0.7234432234432234 0.5915750915750916 0.040293040293040296 0.07692307692307693
0 0.5659340659340659 0.6556776556776557 0.042735042735042736 0.06593406593406594
0 0.4981684981684982 0.6309523809523809 0.05372405372405373 0.06776556776556776
0 0.673992673992674 0.0989010989010989 0.04151404151404151 0.05860805860805861
1 0.4700854700854701 0.36355311355311354 0.03907203907203907 0.056776556776556776
1 0.5299145299145299 0.3608058608058608 0.0463980463980464 0.05128205128205128
1 0.3424908424908425 0.739010989010989 0.040293040293040296 0.04212454212454213
1 0.34737484737484736 0.7893772893772893 0.042735042735042736 0.05128205128205128
1 0.10256410256410256 0.7921245421245421 0.03907203907203907 0.04212454212454213
1 0.42002442002442003 0.836996336996337 0.02442002442002442 0.03663003663003663
1 0.6746031746031746 0.8461538461538461 0.047619047619047616 0.047619047619047616
1 0.8431013431013431 0.8333333333333334 0.03296703296703297 0.047619047619047616
1 0.8058608058608059 0.8278388278388278 0.026862026862026864 0.054945054945054944
1 0.7612942612942613 0.8516483516483516 0.052503052503052504 0.05128205128205128
1 0.8278388278388278 0.17216117216117216 0.03418803418803419 0.04395604395604396
1 0.2844932844932845 0.8342490842490843 0.03663003663003663 0.06043956043956044
