1 0.09706959706959707 0.05402930402930403 0.0231990231990232 0.0347985347985348
1 0.12759462759462759 0.06043956043956044 0.03785103785103785 0.05860805860805861
1 0.22344322344322345 0.04212454212454213 0.03418803418803419 0.047619047619047616
1 0.10317460317460317 0.24633699633699635 0.03785103785103785 0.05311355311355311
1 0.10134310134310134 0.2902930402930403 0.04395604395604396 0.04945054945054945
1 0.09829059829059829 0.3626373626373626 0.03785103785103785 0.05860805860805861
1 0.10561660561660562 0.413003663003663 0.03296703296703297 0.0347985347985348
1 0.0989010989010989 0.44047619047619047 0.03418803418803419 0.038461538461538464
1 0.06654456654456654 0.815018315018315 0.028083028083028084 0.040293040293040296
1 0.029304029304029304 0.826007326007326 0.026862026862026864 0.04395604395604396
1 0.010378510378510378 0.8287545787545788 0.015873015873015872 0.04945054945054945
