1 0.2771672771672772 0.6657509157509157 0.031746031746031744 0.04945054945054945
1 0.27533577533577536 0.7527472527472527 0.03296703296703297 0.03663003663003663
1 0.27533577533577536 0.8241758241758241 0.02564102564102564 0.040293040293040296
1 0.27167277167277165 0.8937728937728938 0.028083028083028084 0.047619047619047616
1 0.2692307692307692 0.9597069597069597 0.028083028083028084 0.047619047619047616
1 0.3333333333333333 0.6932234432234432 0.029304029304029304 0.04212454212454213
1 0.36752136752136755 0.7032967032967034 0.026862026862026864 0.047619047619047616
1 0.40476190476190477 0.7106227106227107 0.02564102564102564 0.040293040293040296
1 0.43345543345543347 0.6996336996336996 0.04151404151404151 0.04395604395604396
1 0.521978021978022 0.717032967032967 0.045177045177045176 0.04945054945054945
1 0.5989010989010989 0.48626373626373626 0.03540903540903541 0.038461538461538464
1 0.6452991452991453 0.024725274725274724 0.028083028083028084 0.038461538461538464
1 0.8382173382173382 0.08241758241758242 0.028083028083028084 0.04395604395604396
1 0.8388278388278388 0.16666666666666666 0.02442002442002442 0.040293040293040296
1 0.9035409035409036 0.1336996336996337 0.03663003663003663 0.047619047619047616
1 0.9444444444444444 0.18956043956043955 0.02564102564102564 0.038461538461538464
1 0.9755799755799756 0.5192307692307693 0.0463980463980464 0.0641025641025641
1 0.8992673992673993 0.575091575091575 0.02564102564102564 0.040293040293040296
1 0.9493284493284493 0.7060439560439561 0.03296703296703297 0.04945054945054945
1 0.974969474969475 0.7097069597069597 0.02564102564102564 0.04212454212454213
1 0.33455433455433453 0.4441391941391941 0.029304029304029304 0.045787545787545784
1 0.7631257631257631 0.771978021978022 0.029304029304029304 0.045787545787545784
0 0.018315018315018316 0.3443223443223443 0.02442002442002442 0.03663003663003663
0 0.02564102564102564 0.16117216117216118 0.02442002442002442 0.047619047619047616
0 0.04151404151404151 0.22985347985347984 0.031746031746031744 0.038461538461538464
0 0.06898656898656899 0.27106227106227104 0.045177045177045176 0.054945054945054944
0 0.11172161172161173 0.27380952380952384 0.03296703296703297 0.04212454212454213
0 0.15079365079365079 0.22252747252747251 0.030525030525030524 0.045787545787545784
0 0.14407814407814407 0.27014652014652013 0.031746031746031744 0.04212454212454213
0 0.24053724053724054 0.30952380952380953 0.03418803418803419 0.047619047619047616
0 0.21001221001221002 0.27106227106227104 0.02197802197802198 0.02564102564102564
0 0.18376068376068377 0.27014652014652013 0.018315018315018316 0.0347985347985348
0 0.21245421245421245 0.32051282051282054 0.03907203907203907 0.05128205128205128
0 0.17216117216117216 0.31868131868131866 0.03907203907203907 0.054945054945054944
0 0.14041514041514042 0.31684981684981683 0.03907203907203907 0.05128205128205128
0 0.10500610500610501 0.3159340659340659 0.03907203907203907 0.05311355311355311
0 0.07020757020757021 0.3232600732600733 0.02564102564102564 0.04945054945054945
0 0.04151404151404151 0.326007326007326 0.03663003663003663 0.05128205128205128
0 0.038461538461538464 0.38644688644688646 0.03296703296703297 0.05860805860805861
0 0.0115995115995116 0.39194139194139194 0.020757020757020756 0.054945054945054944
0 0.06776556776556776 0.38278388278388276 0.040293040293040296 0.05860805860805861
0 0.10683760683760683 0.3791208791208791 0.047619047619047616 0.0695970695970696
0 0.14163614163614163 0.38003663003663 0.03418803418803419 0.0641025641025641
0 0.17155067155067155 0.3782051282051282 0.040293040293040296 0.07142857142857142
0 0.03724053724053724 0.43956043956043955 0.047619047619047616 0.06227106227106227
0 0.10378510378510379 0.4468864468864469 0.04884004884004884 0.0695970695970696
0 0.14407814407814407 0.445970695970696 0.0463980463980464 0.06776556776556776
0 0.19597069597069597 0.45146520146520147 0.042735042735042736 0.06776556776556776
0 0.23443223443223443 0.3782051282051282 0.031746031746031744 0.04945054945054945
0 0.24297924297924298 0.4551282051282051 0.03907203907203907 0.05311355311355311
0 0.03785103785103785 0.49633699633699635 0.0463980463980464 0.06593406593406594
0 0.0347985347985348 0.5393772893772893 0.052503052503052504 0.05311355311355311
0 0.03785103785103785 0.5934065934065934 0.05128205128205128 0.0695970695970696
0 0.09645909645909646 0.6529304029304029 0.0463980463980464 0.08241758241758242
0 0.10256410256410256 0.5421245421245421 0.04884004884004884 0.07326007326007326
0 0.1617826617826618 0.5989010989010989 0.042735042735042736 0.054945054945054944
0 0.1684981684981685 0.5512820512820513 0.03663003663003663 0.047619047619047616
0 0.2039072039072039 0.5540293040293041 0.04151404151404151 0.05311355311355311
0 0.1684981684981685 0.5 0.0463980463980464 0.047619047619047616
0 0.6349206349206349 0.10256410256410256 0.03907203907203907 0.054945054945054944
0 0.7326007326007326 0.1684981684981685 0.02442002442002442 0.047619047619047616
0 0.7503052503052503 0.1987179487179487 0.030525030525030524 0.04212454212454213
0 0.7686202686202687 0.3058608058608059 0.03540903540903541 0.05860805860805861
0 0.7643467643467643 0.3873626373626374 0.03418803418803419 0.06043956043956044
0 0.7594627594627594 0.5009157509157509 0.04395604395604396 0.056776556776556776
0 0.7564102564102564 0.5732600732600732 0.040293040293040296 0.05860805860805861
0 0.7545787545787546 0.6401098901098901 0.04151404151404151 0.06043956043956044
0 0.7130647130647131 0.6959706959706959 0.031746031746031744 0.05860805860805861
0 0.5860805860805861 0.61996336996337 0.03663003663003663 0.05311355311355311
0 0.5995115995115995 0.5283882783882784 0.04151404151404151 0.06043956043956044
0 0.6691086691086691 0.5091575091575091 0.031746031746031744 0.04395604395604396
0 0.6697191697191697 0.5622710622710623 0.045177045177045176 0.06593406593406594
0 0.6752136752136753 0.6309523809523809 0.03418803418803419 0.04945054945054945
0 0.6306471306471306 0.6978021978021978 0.03785103785103785 0.054945054945054944
0 0.8705738705738706 0.27197802197802196 0.03907203907203907 0.056776556776556776
0 0.8601953601953602 0.5192307692307693 0.030525030525030524 0.045787545787545784
0 0.8992673992673993 0.6428571428571429 0.042735042735042736 0.06227106227106227
1 0.48473748473748474 0.8772893772893773 0.031746031746031744 0.04395604395604396
