0 0.27472527472527475 0.782051282051282 0.04395604395604396 0.05860805860805861
0 0.16483516483516483 0.6401098901098901 0.029304029304029304 0.04945054945054945
0 0.19963369963369965 0.641941391941392 0.03296703296703297 0.04945054945054945
0 0.20085470085470086 0.8708791208791209 0.03785103785103785 0.06043956043956044
0 0.22954822954822954 0.967032967032967 0.04151404151404151 0.054945054945054944
0 0.27533577533577536 0.8763736263736264 0.030525030525030524 0.045787545787545784
0 0.27228327228327226 0.9203296703296703 0.031746031746031744 0.038461538461538464
0 0.36568986568986567 0.6840659340659341 0.03296703296703297 0.05311355311355311
0 0.3601953601953602 0.7802197802197802 0.03663003663003663 0.05860805860805861
0 0.409035409035409 0.6538461538461539 0.03907203907203907 0.06227106227106227
0 0.4358974358974359 0.6492673992673993 0.03418803418803419 0.056776556776556776
0 0.4725274725274725 0.6602564102564102 0.03663003663003663 0.056776556776556776
0 0.36446886446886445 0.9752747252747253 0.042735042735042736 0.04945054945054945
0 0.3235653235653236 0.9194139194139194 0.03418803418803419 0.04395604395604396
0 0.5769230769230769 0.9523809523809523 0.047619047619047616 0.05860805860805861
0 0.5433455433455433 0.8406593406593407 0.03663003663003663 0.05860805860805861
0 0.5726495726495726 0.8424908424908425 0.03418803418803419 0.047619047619047616
0 0.7496947496947497 0.1804029304029304 0.04884004884004884 0.06776556776556776
0 0.7863247863247863 0.17673992673992675 0.04395604395604396 0.07142857142857142
0 0.8455433455433455 0.18772893772893773 0.042735042735042736 0.06776556776556776
0 0.884004884004884 0.1813186813186813 0.04395604395604396 0.07326007326007326
0 0.884004884004884 0.21978021978021978 0.03663003663003663 0.054945054945054944
0 0.7411477411477412 0.5 0.03418803418803419 0.047619047619047616
0 0.7448107448107448 0.554945054945055 0.029304029304029304 0.047619047619047616
0 0.8437118437118437 0.5604395604395604 0.03418803418803419 0.04395604395604396
0 0.851037851037851 0.5045787545787546 0.03907203907203907 0.04945054945054945
0 0.9194139194139194 0.5064102564102564 0.026862026862026864 0.045787545787545784
0 0.9242979242979243 0.3901098901098901 0.04395604395604396 0.06227106227106227
0 0.8846153846153846 0.391025641025641 0.045177045177045176 0.06043956043956044
