0 0.07448107448107448 0.0815018315018315 0.03663003663003663 0.04945054945054945
1 0.033577533577533576 0.1749084249084249 0.030525030525030524 0.04212454212454213
1 0.03968253968253968 0.22893772893772893 0.03296703296703297 0.04395604395604396
1 0.03724053724053724 0.358974358974359 0.030525030525030524 0.040293040293040296
1 0.08485958485958486 0.4249084249084249 0.03296703296703297 0.047619047619047616
1 0.0463980463980464 0.5192307692307693 0.029304029304029304 0.056776556776556776
1 0.27411477411477414 0.11813186813186813 0.028083028083028084 0.038461538461538464
1 0.2796092796092796 0.19047619047619047 0.03418803418803419 0.04395604395604396
1 0.2893772893772894 0.2948717948717949 0.031746031746031744 0.040293040293040296
1 0.2960927960927961 0.3489010989010989 0.050061050061050064 0.04945054945054945
1 0.29120879120879123 0.42216117216117216 0.03296703296703297 0.045787545787545784
1 0.3443223443223443 0.5173992673992674 0.026862026862026864 0.031135531135531136
1 0.37423687423687424 0.5119047619047619 0.040293040293040296 0.045787545787545784
1 0.41147741147741146 0.6098901098901099 0.02442002442002442 0.047619047619047616
1 0.36874236874236876 0.7793040293040293 0.031746031746031744 0.04212454212454213
1 0.41452991452991456 0.913003663003663 0.030525030525030524 0.045787545787545784
1 0.4481074481074481 0.47710622710622713 0.031746031746031744 0.04945054945054945
1 0.49206349206349204 0.47619047619047616 0.04884004884004884 0.08058608058608059
1 0.5451770451770451 0.45787545787545786 0.040293040293040296 0.047619047619047616
1 0.5989010989010989 0.44047619047619047 0.045177045177045176 0.045787545787545784
1 0.6361416361416361 0.4230769230769231 0.03907203907203907 0.06593406593406594
1 0.6288156288156288 0.34615384615384615 0.026862026862026864 0.040293040293040296
1 0.7307692307692307 0.38186813186813184 0.030525030525030524 0.056776556776556776
1 0.6923076923076923 0.039377289377289376 0.029304029304029304 0.04212454212454213
1 0.7704517704517705 0.1163003663003663 0.031746031746031744 0.045787545787545784
1 0.9096459096459096 0.06227106227106227 0.02442002442002442 0.04395604395604396
1 0.8144078144078144 0.2967032967032967 0.02442002442002442 0.03296703296703297
1 0.8382173382173382 0.5824175824175825 0.0231990231990232 0.03663003663003663
1 0.6984126984126984 0.652014652014652 0.026862026862026864 0.040293040293040296
0 0.5244200244200244 0.6593406593406593 0.050061050061050064 0.06593406593406594
0 0.5280830280830281 0.6007326007326007 0.052503052503052504 0.07326007326007326
0 0.6599511599511599 0.5457875457875457 0.050061050061050064 0.0695970695970696
0 0.594017094017094 0.6025641025641025 0.052503052503052504 0.07326007326007326
0 0.6562881562881563 0.6465201465201466 0.045177045177045176 0.05860805860805861
0 0.7264957264957265 0.7490842490842491 0.05372405372405373 0.06227106227106227
0 0.605006105006105 0.8141025641025641 0.047619047619047616 0.06043956043956044
0 0.46153846153846156 0.7985347985347986 0.0463980463980464 0.06593406593406594
0 0.40415140415140416 0.8525641025641025 0.05128205128205128 0.06043956043956044
0 0.27472527472527475 0.8443223443223443 0.03663003663003663 0.047619047619047616
0 0.2783882783882784 0.9010989010989011 0.03663003663003663 0.05128205128205128
0 0.36813186813186816 0.9157509157509157 0.047619047619047616 0.06227106227106227
0 0.5628815628815629 0.7591575091575091 0.04395604395604396 0.0641025641025641
0 0.8589743589743589 0.4139194139194139 0.03785103785103785 0.05128205128205128
0 0.851037851037851 0.5228937728937729 0.05372405372405373 0.0641025641025641
0 0.9529914529914529 0.6996336996336996 0.042735042735042736 0.06593406593406594
0 0.8876678876678876 0.7554945054945055 0.04395604395604396 0.0641025641025641
0 0.3308913308913309 0.2454212454212454 0.04151404151404151 0.06227106227106227
0 0.1575091575091575 0.21611721611721613 0.04395604395604396 0.05128205128205128
0 0.17277167277167277 0.27014652014652013 0.057387057387057384 0.06043956043956044
0 0.14652014652014653 0.1565934065934066 0.04151404151404151 0.056776556776556776
0 0.14407814407814407 0.10622710622710622 0.04395604395604396 0.05128205128205128
0 0.14774114774114774 0.057692307692307696 0.04151404151404151 0.056776556776556776
0 0.18192918192918192 0.14285714285714285 0.0463980463980464 0.06227106227106227
0 0.2222222222222222 0.08699633699633699 0.03907203907203907 0.056776556776556776
0 0.21306471306471306 0.028388278388278388 0.040293040293040296 0.045787545787545784
0 0.3253968253968254 0.15293040293040294 0.03540903540903541 0.06043956043956044
0 0.34737484737484736 0.045787545787545784 0.040293040293040296 0.06593406593406594
0 0.3137973137973138 0.04395604395604396 0.031746031746031744 0.047619047619047616
0 0.41514041514041516 0.38461538461538464 0.04884004884004884 0.05860805860805861
0 0.3772893772893773 0.4478021978021978 0.04884004884004884 0.0641025641025641
0 0.5115995115995116 0.3250915750915751 0.0463980463980464 0.06776556776556776
0 0.5470085470085471 0.22802197802197802 0.04395604395604396 0.07875457875457875
0 0.6117216117216118 0.2042124542124542 0.04151404151404151 0.06776556776556776
0 0.46642246642246643 0.03021978021978022 0.03663003663003663 0.045787545787545784
0 0.6507936507936508 0.28113553113553114 0.03907203907203907 0.05311355311355311
0 0.9285714285714286 0.36996336996337 0.05982905982905983 0.08058608058608059
0 0.9865689865689866 0.3498168498168498 0.026862026862026864 0.06227106227106227
0 0.9645909645909646 0.8086080586080586 0.03907203907203907 0.06043956043956044
0 0.7252747252747253 0.8470695970695971 0.04884004884004884 0.056776556776556776
0 0.15995115995115994 0.6794871794871795 0.05128205128205128 0.08058608058608059
0 0.1514041514041514 0.7490842490842491 0.05616605616605617 0.06593406593406594
0 0.08913308913308914 0.6831501831501832 0.03907203907203907 0.04395604395604396
0 0.07997557997557997 0.76007326007326 0.03540903540903541 0.05128205128205128
0 0.043345543345543344 0.8131868131868132 0.050061050061050064 0.06593406593406594
0 0.4609279609279609 0.9084249084249084 0.040293040293040296 0.07692307692307693
0 0.4603174603174603 0.31227106227106227 0.031746031746031744 0.0641025641025641
