1 0.6843711843711844 0.45604395604395603 0.028083028083028084 0.03663003663003663
1 0.7173382173382173 0.41025641025641024 0.030525030525030524 0.04395604395604396
1 0.7374847374847375 0.43315018315018317 0.02442002442002442 0.0347985347985348
1 0.666056166056166 0.4816849816849817 0.02564102564102564 0.03663003663003663
1 0.8644688644688645 0.4184981684981685 0.029304029304029304 0.038461538461538464
1 0.9035409035409036 0.42124542124542125 0.031746031746031744 0.04395604395604396
1 0.8083028083028083 0.5036630036630036 0.026862026862026864 0.047619047619047616
1 0.8681318681318682 0.532051282051282 0.029304029304029304 0.04212454212454213
1 0.8290598290598291 0.6401098901098901 0.03663003663003663 0.045787545787545784
1 0.8443223443223443 0.6868131868131868 0.03785103785103785 0.06593406593406594
1 0.7735042735042735 0.7509157509157509 0.03296703296703297 0.05128205128205128
1 0.8485958485958486 0.8406593406593407 0.03418803418803419 0.047619047619047616
1 0.5543345543345544 0.6620879120879121 0.026862026862026864 0.027472527472527472
1 0.6904761904761905 0.7683150183150184 0.02564102564102564 0.045787545787545784
1 0.7692307692307693 0.9093406593406593 0.031746031746031744 0.04945054945054945
1 0.6666666666666666 0.9413919413919414 0.031746031746031744 0.03663003663003663
1 0.9474969474969475 0.1978021978021978 0.029304029304029304 0.047619047619047616
1 0.9358974358974359 0.10805860805860806 0.030525030525030524 0.04395604395604396
1 0.9377289377289377 0.04304029304029304 0.026862026862026864 0.0347985347985348
1 0.9615384615384616 0.028388278388278388 0.02564102564102564 0.038461538461538464
1 0.9572649572649573 0.05128205128205128 0.026862026862026864 0.040293040293040296
0 0.6538461538461539 0.2518315018315018 0.02564102564102564 0.0347985347985348
0 0.7625152625152625 0.07967032967032966 0.03540903540903541 0.04945054945054945
0 0.851037851037851 0.18681318681318682 0.04151404151404151 0.05860805860805861
0 0.851037851037851 0.25 0.03907203907203907 0.06043956043956044
0 0.8516483516483516 0.304029304029304 0.03296703296703297 0.040293040293040296
0 0.7710622710622711 0.2509157509157509 0.03296703296703297 0.047619047619047616
0 0.7686202686202687 0.13095238095238096 0.028083028083028084 0.04212454212454213
0 0.8467643467643468 0.07142857142857142 0.030525030525030524 0.047619047619047616
0 0.8449328449328449 0.1346153846153846 0.029304029304029304 0.045787545787545784
0 0.8846153846153846 0.23626373626373626 0.03785103785103785 0.047619047619047616
0 0.8901098901098901 0.304029304029304 0.03663003663003663 0.05860805860805861
0 0.6935286935286935 0.13553113553113552 0.029304029304029304 0.040293040293040296
0 0.6959706959706959 0.24816849816849818 0.02442002442002442 0.04212454212454213
0 0.6996336996336996 0.30494505494505497 0.02197802197802198 0.038461538461538464
0 0.775946275946276 0.3076923076923077 0.02564102564102564 0.040293040293040296
0 0.6874236874236874 0.02564102564102564 0.031746031746031744 0.040293040293040296
0 0.8400488400488401 0.021062271062271064 0.026862026862026864 0.031135531135531136
0 0.8144078144078144 0.3626373626373626 0.019536019536019536 0.03296703296703297
0 0.9786324786324786 0.46794871794871795 0.042735042735042736 0.07142857142857142
0 0.9523809523809523 0.5238095238095238 0.04151404151404151 0.054945054945054944
0 0.9871794871794872 0.5164835164835165 0.02564102564102564 0.05128205128205128
0 0.9224664224664225 0.576007326007326 0.042735042735042736 0.056776556776556776
0 0.9566544566544567 0.5934065934065934 0.030525030525030524 0.05128205128205128
0 0.9847374847374848 0.7051282051282052 0.030525030525030524 0.05860805860805861
0 0.9053724053724054 0.7646520146520146 0.045177045177045176 0.0641025641025641
0 0.9047619047619048 0.815018315018315 0.03907203907203907 0.054945054945054944
0 0.9426129426129426 0.8095238095238095 0.03907203907203907 0.06227106227106227
0 0.9829059829059829 0.7976190476190477 0.03418803418803419 0.0641025641025641
0 0.9865689865689866 0.8672161172161172 0.026862026862026864 0.056776556776556776
