0 0.07875457875457875 0.09157509157509157 0.057387057387057384 0.0695970695970696
0 0.10805860805860806 0.14560439560439561 0.03785103785103785 0.05311355311355311
0 0.0695970695970696 0.14285714285714285 0.04151404151404151 0.06227106227106227
0 0.09645909645909646 0.20146520146520147 0.04395604395604396 0.05860805860805861
0 0.06349206349206349 0.2206959706959707 0.03907203907203907 0.056776556776556776
0 0.057387057387057384 0.2847985347985348 0.05128205128205128 0.07875457875457875
0 0.018925518925518924 0.260989010989011 0.03540903540903541 0.07509157509157509
0 0.04212454212454213 0.3489010989010989 0.042735042735042736 0.07142857142857142
0 0.08913308913308914 0.33974358974358976 0.03907203907203907 0.0641025641025641
0 0.057387057387057384 0.43772893772893773 0.03418803418803419 0.05860805860805861
0 0.08058608058608059 0.3873626373626374 0.04395604395604396 0.056776556776556776
0 0.11843711843711843 0.04395604395604396 0.03418803418803419 0.047619047619047616
0 0.017094017094017096 0.26373626373626374 0.031746031746031744 0.06227106227106227
0 0.5616605616605617 0.8507326007326007 0.031746031746031744 0.056776556776556776
0 0.5958485958485958 0.8598901098901099 0.05128205128205128 0.08241758241758242
0 0.6556776556776557 0.8608058608058609 0.05128205128205128 0.07692307692307693
0 0.5457875457875457 0.9331501831501832 0.03907203907203907 0.06776556776556776
0 0.7222222222222222 0.8983516483516484 0.045177045177045176 0.08241758241758242
0 0.7557997557997558 0.913003663003663 0.03663003663003663 0.06776556776556776
0 0.8021978021978022 0.9258241758241759 0.03907203907203907 0.07142857142857142
0 0.5958485958485958 0.9478021978021978 0.03663003663003663 0.06043956043956044
0 0.6391941391941391 0.9304029304029304 0.047619047619047616 0.0695970695970696
0 0.6813186813186813 0.9386446886446886 0.04151404151404151 0.0641025641025641
0 0.5421245421245421 0.9798534798534798 0.04884004884004884 0.040293040293040296
0 0.6208791208791209 0.9761904761904762 0.042735042735042736 0.047619047619047616
0 0.684981684981685 0.5695970695970696 0.04395604395604396 0.06227106227106227
