0 0.5653235653235653 0.40384615384615385 0.05128205128205128 0.06043956043956044
0 0.626984126984127 0.3663003663003663 0.05982905982905983 0.07326007326007326
0 0.6257631257631258 0.445970695970696 0.045177045177045176 0.06776556776556776
0 0.568986568986569 0.5265567765567766 0.04151404151404151 0.056776556776556776
0 0.6019536019536019 0.5238095238095238 0.03663003663003663 0.06227106227106227
0 0.6336996336996337 0.5164835164835165 0.04151404151404151 0.0695970695970696
0 0.6746031746031746 0.5393772893772893 0.047619047619047616 0.07142857142857142
0 0.6770451770451771 0.47802197802197804 0.045177045177045176 0.06227106227106227
0 0.7124542124542125 0.4716117216117216 0.045177045177045176 0.07509157509157509
0 0.7191697191697192 0.5439560439560439 0.05128205128205128 0.08424908424908426
0 0.6941391941391941 0.6373626373626373 0.047619047619047616 0.06593406593406594
0 0.5793650793650794 0.9459706959706959 0.047619047619047616 0.0641025641025641
