1 0.08058608058608059 0.26465201465201466 0.03907203907203907 0.038461538461538464
1 0.07875457875457875 0.4597069597069597 0.030525030525030524 0.040293040293040296
1 0.1398046398046398 0.3232600732600733 0.03540903540903541 0.04212454212454213
1 0.14346764346764346 0.3873626373626374 0.03785103785103785 0.038461538461538464
1 0.20757020757020758 0.38553113553113555 0.029304029304029304 0.038461538461538464
1 0.19474969474969475 0.33882783882783885 0.030525030525030524 0.03663003663003663
1 0.21672771672771673 0.4706959706959707 0.028083028083028084 0.047619047619047616
1 0.1288156288156288 0.6364468864468864 0.018315018315018316 0.031135531135531136
1 0.25457875457875456 0.5641025641025641 0.02564102564102564 0.04395604395604396
1 0.1330891330891331 0.1565934065934066 0.026862026862026864 0.038461538461538464
1 0.1568986568986569 0.22985347985347984 0.028083028083028084 0.04212454212454213
1 0.1111111111111111 0.09065934065934066 0.03663003663003663 0.04945054945054945
1 0.10500610500610501 0.048534798534798536 0.03663003663003663 0.038461538461538464
1 0.1043956043956044 0.0173992673992674 0.030525030525030524 0.031135531135531136
