1 0.8052503052503053 0.1749084249084249 0.03296703296703297 0.04212454212454213
1 0.8345543345543346 0.021062271062271064 0.030525030525030524 0.038461538461538464
1 0.8449328449328449 0.05311355311355311 0.029304029304029304 0.04395604395604396
1 0.38095238095238093 0.18681318681318682 0.0463980463980464 0.047619047619047616
1 0.31135531135531136 0.24633699633699635 0.02442002442002442 0.031135531135531136
1 0.30036630036630035 0.03296703296703297 0.029304029304029304 0.047619047619047616
1 0.31746031746031744 0.3836996336996337 0.029304029304029304 0.06776556776556776
1 0.32234432234432236 0.4633699633699634 0.02442002442002442 0.040293040293040296
1 0.3266178266178266 0.5173992673992674 0.028083028083028084 0.038461538461538464
1 0.32905982905982906 0.5476190476190477 0.028083028083028084 0.03296703296703297
1 0.3339438339438339 0.6144688644688645 0.030525030525030524 0.06776556776556776
1 0.33577533577533575 0.6904761904761905 0.03418803418803419 0.0695970695970696
1 0.3412698412698413 0.8415750915750916 0.028083028083028084 0.04212454212454213
1 0.17399267399267399 0.23992673992673993 0.0231990231990232 0.03663003663003663
1 0.16117216117216118 0.28846153846153844 0.019536019536019536 0.038461538461538464
1 0.1330891330891331 0.3543956043956044 0.026862026862026864 0.0347985347985348
1 0.019536019536019536 0.7490842490842491 0.03663003663003663 0.047619047619047616
0 0.21672771672771673 0.03021978021978022 0.040293040293040296 0.056776556776556776
0 0.21978021978021978 0.09065934065934066 0.05128205128205128 0.0641025641025641
0 0.08180708180708181 0.07509157509157509 0.0463980463980464 0.06227106227106227
0 0.040293040293040296 0.08516483516483517 0.04395604395604396 0.06776556776556776
0 0.11965811965811966 0.4899267399267399 0.04395604395604396 0.0641025641025641
0 0.16483516483516483 0.4725274725274725 0.05128205128205128 0.05860805860805861
0 0.15384615384615385 0.39194139194139194 0.05128205128205128 0.054945054945054944
0 0.2503052503052503 0.2802197802197802 0.05372405372405373 0.06227106227106227
0 0.2313797313797314 0.31684981684981683 0.040293040293040296 0.05128205128205128
0 0.22832722832722832 0.37545787545787546 0.029304029304029304 0.05860805860805861
0 0.163003663003663 0.8315018315018315 0.03785103785103785 0.05860805860805861
0 0.2148962148962149 0.8946886446886447 0.03907203907203907 0.05311355311355311
0 0.1288156288156288 0.891941391941392 0.040293040293040296 0.047619047619047616
0 0.3797313797313797 0.028388278388278388 0.03663003663003663 0.05311355311355311
0 0.08852258852258853 0.8882783882783882 0.030525030525030524 0.05128205128205128
0 0.11172161172161173 0.5567765567765568 0.03540903540903541 0.05860805860805861
0 0.05372405372405373 0.2664835164835165 0.03907203907203907 0.0641025641025641
0 0.09645909645909646 0.2793040293040293 0.04151404151404151 0.07142857142857142
0 0.1282051282051282 0.022893772893772892 0.04151404151404151 0.04212454212454213
0 0.8656898656898657 0.21886446886446886 0.029304029304029304 0.056776556776556776
0 0.8937728937728938 0.19963369963369965 0.031746031746031744 0.047619047619047616
0 0.9291819291819292 0.2032967032967033 0.026862026862026864 0.040293040293040296
0 0.9346764346764347 0.260989010989011 0.03296703296703297 0.05311355311355311
0 0.9755799755799756 0.3717948717948718 0.03907203907203907 0.05128205128205128
0 0.8998778998778999 0.37454212454212454 0.03418803418803419 0.045787545787545784
0 0.945054945054945 0.5412087912087912 0.03663003663003663 0.05311355311355311
0 0.9462759462759462 0.6245421245421245 0.03418803418803419 0.047619047619047616
0 0.9798534798534798 0.6272893772893773 0.03540903540903541 0.05311355311355311
