1 0.6678876678876678 0.4926739926739927 0.031746031746031744 0.040293040293040296
1 0.6910866910866911 0.5503663003663004 0.029304029304029304 0.04212454212454213
1 0.71001221001221 0.597985347985348 0.03540903540903541 0.05311355311355311
1 0.8589743589743589 0.3342490842490842 0.028083028083028084 0.04945054945054945
1 0.29242979242979245 0.6565934065934066 0.03296703296703297 0.045787545787545784
1 0.32112332112332115 0.8278388278388278 0.031746031746031744 0.047619047619047616
1 0.19658119658119658 0.706959706959707 0.031746031746031744 0.040293040293040296
1 0.07203907203907203 0.6904761904761905 0.04151404151404151 0.05128205128205128
1 0.6904761904761905 0.7060439560439561 0.03540903540903541 0.056776556776556776
1 0.47863247863247865 0.22893772893772893 0.031746031746031744 0.05128205128205128
1 0.29853479853479853 0.19688644688644688 0.03785103785103785 0.04945054945054945
1 0.21855921855921856 0.19505494505494506 0.03418803418803419 0.04212454212454213
1 0.184981684981685 0.17216117216117216 0.03296703296703297 0.04395604395604396
1 0.15079365079365079 0.1987179487179487 0.042735042735042736 0.056776556776556776
1 0.11782661782661782 0.2042124542124542 0.040293040293040296 0.07142857142857142
1 0.08180708180708181 0.19230769230769232 0.03907203907203907 0.054945054945054944
1 0.04212454212454213 0.2206959706959707 0.042735042735042736 0.056776556776556776
1 0.10866910866910867 0.08974358974358974 0.03663003663003663 0.047619047619047616
1 0.07448107448107448 0.1346153846153846 0.029304029304029304 0.04945054945054945
1 0.3046398046398046 0.29395604395604397 0.028083028083028084 0.04945054945054945
0 0.14713064713064714 0.8351648351648352 0.052503052503052504 0.07326007326007326
0 0.03296703296703297 0.8324175824175825 0.04884004884004884 0.0641025641025641
0 0.051892551892551896 0.8928571428571429 0.050061050061050064 0.056776556776556776
0 0.17094017094017094 0.9102564102564102 0.0463980463980464 0.06227106227106227
0 0.02197802197802198 0.9587912087912088 0.04151404151404151 0.07142857142857142
0 0.605006105006105 0.717032967032967 0.040293040293040296 0.0641025641025641
0 0.8833943833943834 0.5357142857142857 0.045177045177045176 0.06776556776556776
0 0.8742368742368742 0.5860805860805861 0.04884004884004884 0.06227106227106227
0 0.8229548229548229 0.13278388278388278 0.04884004884004884 0.06776556776556776
0 0.6398046398046398 0.12912087912087913 0.05860805860805861 0.07509157509157509
0 0.518925518925519 0.08791208791208792 0.06105006105006105 0.08791208791208792
0 0.33882783882783885 0.10897435897435898 0.045177045177045176 0.06776556776556776
0 0.3785103785103785 0.08424908424908426 0.04395604395604396 0.07692307692307693
0 0.4188034188034188 0.1282051282051282 0.04395604395604396 0.06227106227106227
0 0.4542124542124542 0.10164835164835165 0.0463980463980464 0.07142857142857142
0 0.6984126984126984 0.07326007326007326 0.0463980463980464 0.06227106227106227
0 0.7081807081807082 0.12637362637362637 0.04884004884004884 0.06227106227106227
0 0.8131868131868132 0.05128205128205128 0.0463980463980464 0.0695970695970696
0 0.8595848595848596 0.12179487179487179 0.05616605616605617 0.07875457875457875
0 0.963980463980464 0.08241758241758242 0.05982905982905983 0.08424908424908426
0 0.1349206349206349 0.5192307692307693 0.045177045177045176 0.04945054945054945
0 0.0695970695970696 0.3772893772893773 0.05616605616605617 0.06593406593406594
