1 0.19230769230769232 0.4010989010989011 0.03785103785103785 0.06227106227106227
1 0.09035409035409035 0.4139194139194139 0.031746031746031744 0.04395604395604396
1 0.06715506715506715 0.49725274725274726 0.04151404151404151 0.04945054945054945
1 0.052503052503052504 0.5357142857142857 0.04151404151404151 0.04945054945054945
1 0.21123321123321123 0.782967032967033 0.02197802197802198 0.027472527472527472
1 0.17582417582417584 0.8598901098901099 0.019536019536019536 0.0347985347985348
1 0.31684981684981683 0.8159340659340659 0.03296703296703297 0.0641025641025641
1 0.31929181929181927 0.23534798534798534 0.030525030525030524 0.05311355311355311
1 0.322954822954823 0.06684981684981685 0.030525030525030524 0.04945054945054945
1 0.6318681318681318 0.4926739926739927 0.018315018315018316 0.02564102564102564
1 0.41514041514041516 0.5173992673992674 0.031746031746031744 0.04212454212454213
1 0.5537240537240538 0.6657509157509157 0.03540903540903541 0.04212454212454213
1 0.5451770451770451 0.6108058608058609 0.045177045177045176 0.056776556776556776
1 0.5671550671550671 0.5659340659340659 0.08180708180708181 0.07692307692307693
1 0.5634920634920635 0.5173992673992674 0.057387057387057384 0.045787545787545784
1 0.6807081807081807 0.5238095238095238 0.02564102564102564 0.040293040293040296
1 0.7032967032967034 0.5228937728937729 0.031746031746031744 0.056776556776556776
1 0.757020757020757 0.4166666666666667 0.02442002442002442 0.038461538461538464
1 0.7527472527472527 0.45695970695970695 0.040293040293040296 0.0641025641025641
1 0.8937728937728938 0.4258241758241758 0.03418803418803419 0.05311355311355311
1 0.9743589743589743 0.3891941391941392 0.03418803418803419 0.045787545787545784
1 0.8052503052503053 0.2490842490842491 0.030525030525030524 0.04395604395604396
1 0.8772893772893773 0.2087912087912088 0.02564102564102564 0.04395604395604396
1 0.8357753357753358 0.10897435897435898 0.030525030525030524 0.045787545787545784
1 0.8791208791208791 0.06227106227106227 0.05860805860805861 0.08424908424908426
1 0.8156288156288156 0.6712454212454212 0.04884004884004884 0.045787545787545784
1 0.6245421245421245 0.6483516483516484 0.03540903540903541 0.047619047619047616
1 0.8986568986568987 0.5622710622710623 0.03418803418803419 0.05128205128205128
1 0.7472527472527473 0.7216117216117216 0.0463980463980464 0.05128205128205128
1 0.6526251526251526 0.8095238095238095 0.06227106227106227 0.08058608058608059
1 0.7490842490842491 0.7857142857142857 0.028083028083028084 0.04395604395604396
1 0.7735042735042735 0.8086080586080586 0.03296703296703297 0.056776556776556776
1 0.8351648351648352 0.7619047619047619 0.029304029304029304 0.03663003663003663
1 0.8534798534798534 0.8663003663003663 0.03663003663003663 0.03663003663003663
1 0.7869352869352869 0.8745421245421245 0.03296703296703297 0.04945054945054945
