1 0.163003663003663 0.3553113553113553 0.045177045177045176 0.07326007326007326
1 0.15262515262515264 0.2326007326007326 0.04395604395604396 0.0695970695970696
1 0.2667887667887668 0.23809523809523808 0.03540903540903541 0.04395604395604396
1 0.3785103785103785 0.5274725274725275 0.03663003663003663 0.054945054945054944
1 0.32844932844932845 0.5677655677655677 0.031746031746031744 0.047619047619047616
1 0.1349206349206349 0.03388278388278388 0.030525030525030524 0.04212454212454213
1 0.045787545787545784 0.5998168498168498 0.03296703296703297 0.038461538461538464
1 0.16483516483516483 0.5970695970695971 0.03418803418803419 0.04395604395604396
1 0.1336996336996337 0.6181318681318682 0.030525030525030524 0.056776556776556776
1 0.10500610500610501 0.6208791208791209 0.026862026862026864 0.047619047619047616
1 0.22344322344322345 0.7591575091575091 0.0463980463980464 0.06043956043956044
1 0.22832722832722832 0.8516483516483516 0.04884004884004884 0.08424908424908426
1 0.22832722832722832 0.9148351648351648 0.03418803418803419 0.04212454212454213
1 0.22832722832722832 0.9597069597069597 0.03418803418803419 0.04395604395604396
0 0.409035409035409 0.29120879120879123 0.0463980463980464 0.07692307692307693
0 0.21123321123321123 0.11721611721611722 0.03663003663003663 0.054945054945054944
0 0.3418803418803419 0.039377289377289376 0.0463980463980464 0.06043956043956044
0 0.3064713064713065 0.09981684981684982 0.04395604395604396 0.07142857142857142
0 0.3693528693528694 0.18681318681318682 0.03785103785103785 0.0695970695970696
0 0.47924297924297926 0.31959706959706957 0.050061050061050064 0.06776556776556776
0 0.47619047619047616 0.21062271062271062 0.04395604395604396 0.06593406593406594
0 0.5439560439560439 0.16117216117216118 0.057387057387057384 0.07326007326007326
0 0.5506715506715507 0.21978021978021978 0.04395604395604396 0.0695970695970696
0 0.557997557997558 0.36721611721611724 0.03418803418803419 0.04945054945054945
0 0.6391941391941391 0.23809523809523808 0.040293040293040296 0.07326007326007326
0 0.6178266178266179 0.08333333333333333 0.04151404151404151 0.0641025641025641
0 0.6068376068376068 0.03388278388278388 0.05860805860805861 0.0641025641025641
0 0.7374847374847375 0.10256410256410256 0.05860805860805861 0.08058608058608059
0 0.7588522588522588 0.2564102564102564 0.054945054945054944 0.07326007326007326
0 0.8192918192918193 0.19505494505494506 0.03663003663003663 0.05311355311355311
0 0.7442002442002442 0.3543956043956044 0.047619047619047616 0.06776556776556776
0 0.6483516483516484 0.33516483516483514 0.04151404151404151 0.07692307692307693
0 0.2948717948717949 0.6620879120879121 0.045177045177045176 0.045787545787545784
1 0.23382173382173382 0.5769230769230769 0.030525030525030524 0.040293040293040296
1 0.5903540903540904 0.45695970695970695 0.02564102564102564 0.04212454212454213
1 0.6068376068376068 0.5119047619047619 0.031746031746031744 0.038461538461538464
1 0.6788766788766789 0.5164835164835165 0.029304029304029304 0.040293040293040296
1 0.6782661782661783 0.5576923076923077 0.020757020757020756 0.0347985347985348
1 0.6172161172161172 0.5961538461538461 0.042735042735042736 0.07142857142857142
1 0.684981684981685 0.61996336996337 0.026862026862026864 0.031135531135531136
1 0.6941391941391941 0.6575091575091575 0.02564102564102564 0.04395604395604396
1 0.6282051282051282 0.7509157509157509 0.02564102564102564 0.054945054945054944
1 0.7057387057387058 0.7472527472527473 0.03418803418803419 0.047619047619047616
1 0.6312576312576312 0.8333333333333334 0.019536019536019536 0.040293040293040296
1 0.6404151404151404 0.8836996336996337 0.03785103785103785 0.06043956043956044
1 0.7319902319902319 0.4166666666666667 0.030525030525030524 0.045787545787545784
1 0.7924297924297924 0.3992673992673993 0.031746031746031744 0.03663003663003663
1 0.9407814407814408 0.3443223443223443 0.0231990231990232 0.03296703296703297
1 0.8766788766788767 0.38003663003663 0.03418803418803419 0.045787545787545784
1 0.9035409035409036 0.31043956043956045 0.026862026862026864 0.05311355311355311
1 0.8693528693528694 0.6602564102564102 0.02442002442002442 0.04212454212454213
1 0.9004884004884005 0.8992673992673993 0.030525030525030524 0.05860805860805861
1 0.9725274725274725 0.9102564102564102 0.030525030525030524 0.05128205128205128
1 0.6483516483516484 0.9395604395604396 0.029304029304029304 0.047619047619047616
1 0.9865689865689866 0.3315018315018315 0.026862026862026864 0.03663003663003663
0 0.8192918192918193 0.09798534798534798 0.04151404151404151 0.06776556776556776
0 0.7032967032967034 0.21428571428571427 0.0463980463980464 0.07326007326007326
0 0.836996336996337 0.34798534798534797 0.045177045177045176 0.08058608058608059
