0 0.26495726495726496 0.21886446886446886 0.03907203907203907 0.05311355311355311
0 0.17277167277167277 0.24267399267399267 0.052503052503052504 0.05311355311355311
0 0.23809523809523808 0.29853479853479853 0.04151404151404151 0.06227106227106227
0 0.28205128205128205 0.29395604395604397 0.04151404151404151 0.05311355311355311
0 0.32234432234432236 0.3250915750915751 0.04395604395604396 0.056776556776556776
0 0.40476190476190477 0.27289377289377287 0.050061050061050064 0.0695970695970696
0 0.42246642246642246 0.33791208791208793 0.03907203907203907 0.05311355311355311
0 0.2576312576312576 0.47985347985347987 0.03418803418803419 0.05128205128205128
0 0.27228327228327226 0.434981684981685 0.03418803418803419 0.04945054945054945
0 0.115995115995116 0.4230769230769231 0.0463980463980464 0.05128205128205128
0 0.16666666666666666 0.43131868131868134 0.03785103785103785 0.05311355311355311
0 0.2081807081807082 0.4908424908424908 0.040293040293040296 0.05128205128205128
0 0.30097680097680096 0.5146520146520146 0.042735042735042736 0.054945054945054944
0 0.394993894993895 0.4056776556776557 0.03540903540903541 0.06043956043956044
0 0.37423687423687424 0.46703296703296704 0.042735042735042736 0.047619047619047616
0 0.4230769230769231 0.5228937728937729 0.040293040293040296 0.05311355311355311
0 0.4542124542124542 0.5540293040293041 0.04884004884004884 0.05311355311355311
0 0.4835164835164835 0.6254578754578755 0.03663003663003663 0.056776556776556776
0 0.34004884004884006 0.6144688644688645 0.042735042735042736 0.06776556776556776
0 0.29242979242979245 0.6098901098901099 0.042735042735042736 0.07326007326007326
0 0.38156288156288154 0.6758241758241759 0.042735042735042736 0.054945054945054944
0 0.4126984126984127 0.7234432234432234 0.04395604395604396 0.06227106227106227
0 0.2905982905982906 0.029304029304029304 0.04151404151404151 0.047619047619047616
0 0.9706959706959707 0.6556776556776557 0.03663003663003663 0.05860805860805861
0 0.6605616605616605 0.5338827838827839 0.03907203907203907 0.06043956043956044
0 0.6672771672771672 0.6483516483516484 0.030525030525030524 0.04395604395604396
0 0.28998778998779 0.10622710622710622 0.030525030525030524 0.04395604395604396
1 0.40293040293040294 0.07234432234432235 0.03907203907203907 0.0641025641025641
1 0.43894993894993894 0.1163003663003663 0.040293040293040296 0.06776556776556776
1 0.46886446886446886 0.14560439560439561 0.03663003663003663 0.056776556776556776
1 0.4938949938949939 0.21245421245421245 0.030525030525030524 0.047619047619047616
1 0.5470085470085471 0.14743589743589744 0.031746031746031744 0.045787545787545784
1 0.525030525030525 0.07234432234432235 0.031746031746031744 0.04945054945054945
1 0.5421245421245421 0.029304029304029304 0.03418803418803419 0.047619047619047616
1 0.15018315018315018 0.08882783882783883 0.04395604395604396 0.04945054945054945
1 0.11843711843711843 0.10805860805860806 0.031746031746031744 0.040293040293040296
1 0.06105006105006105 0.4624542124542125 0.03663003663003663 0.056776556776556776
1 0.06288156288156288 0.5201465201465202 0.042735042735042736 0.06227106227106227
1 0.11538461538461539 0.47985347985347987 0.03540903540903541 0.05860805860805861
1 0.1043956043956044 0.5613553113553114 0.050061050061050064 0.056776556776556776
1 0.1562881562881563 0.6144688644688645 0.05860805860805861 0.07875457875457875
1 0.20573870573870573 0.6373626373626373 0.050061050061050064 0.06593406593406594
1 0.2564102564102564 0.7115384615384616 0.029304029304029304 0.04212454212454213
1 0.28876678876678874 0.7463369963369964 0.03296703296703297 0.045787545787545784
1 0.040293040293040296 0.8663003663003663 0.026862026862026864 0.05128205128205128
1 0.08913308913308914 0.9093406593406593 0.04151404151404151 0.056776556776556776
1 0.608058608058608 0.5302197802197802 0.031746031746031744 0.04212454212454213
1 0.6001221001221001 0.6098901098901099 0.030525030525030524 0.04395604395604396
1 0.5964590964590964 0.6456043956043956 0.03785103785103785 0.04212454212454213
1 0.06532356532356533 0.0521978021978022 0.047619047619047616 0.05311355311355311
