1 0.818070818070818 0.2683150183150183 0.02442002442002442 0.038461538461538464
1 0.851037851037851 0.2600732600732601 0.03418803418803419 0.047619047619047616
1 0.9053724053724054 0.2518315018315018 0.028083028083028084 0.045787545787545784
1 0.9316239316239316 0.2445054945054945 0.031746031746031744 0.04945054945054945
1 0.9621489621489622 0.23809523809523808 0.029304029304029304 0.04395604395604396
1 0.985958485958486 0.23901098901098902 0.028083028083028084 0.05311355311355311
0 0.6068376068376068 0.6282051282051282 0.04884004884004884 0.07692307692307693
0 0.6257631257631258 0.5686813186813187 0.03540903540903541 0.056776556776556776
0 0.6593406593406593 0.5778388278388278 0.029304029304029304 0.04945054945054945
0 0.7051282051282052 0.5412087912087912 0.040293040293040296 0.07509157509157509
0 0.7869352869352869 0.554945054945055 0.03296703296703297 0.06593406593406594
0 0.8736263736263736 0.532967032967033 0.047619047619047616 0.05860805860805861
0 0.884004884004884 0.4606227106227106 0.0463980463980464 0.07142857142857142
0 0.847985347985348 0.4542124542124542 0.03785103785103785 0.054945054945054944
0 0.8809523809523809 0.5888278388278388 0.050061050061050064 0.06043956043956044
0 0.8650793650793651 0.6978021978021978 0.045177045177045176 0.0695970695970696
0 0.8376068376068376 0.18956043956043955 0.03418803418803419 0.05311355311355311
0 0.8437118437118437 0.12454212454212454 0.0463980463980464 0.05860805860805861
0 0.8803418803418803 0.17765567765567766 0.03907203907203907 0.06593406593406594
0 0.9224664224664225 0.17765567765567766 0.050061050061050064 0.06227106227106227
0 0.9627594627594628 0.17399267399267399 0.040293040293040296 0.06593406593406594
0 0.9822954822954822 0.11355311355311355 0.03540903540903541 0.05860805860805861
0 0.9517704517704517 0.11996336996336997 0.030525030525030524 0.05311355311355311
0 0.9175824175824175 0.11904761904761904 0.03785103785103785 0.0695970695970696
0 0.8766788766788767 0.12545787545787546 0.03907203907203907 0.0641025641025641
0 0.7612942612942613 0.14743589743589744 0.040293040293040296 0.0641025641025641
0 0.854090354090354 0.06135531135531135 0.052503052503052504 0.07142857142857142
0 0.8833943833943834 0.06318681318681318 0.030525030525030524 0.05311355311355311
0 0.9462759462759462 0.055860805860805864 0.03418803418803419 0.06043956043956044
0 0.8089133089133089 0.03388278388278388 0.042735042735042736 0.06043956043956044
0 0.7277167277167277 0.10073260073260074 0.03663003663003663 0.05860805860805861
