1 0.3315018315018315 0.14743589743589744 0.03296703296703297 0.045787545787545784
1 0.1978021978021978 0.17032967032967034 0.04151404151404151 0.047619047619047616
1 0.11233211233211234 0.18681318681318682 0.029304029304029304 0.040293040293040296
1 0.1978021978021978 0.3965201465201465 0.029304029304029304 0.038461538461538464
1 0.18864468864468864 0.4249084249084249 0.03540903540903541 0.054945054945054944
1 0.31013431013431014 0.61996336996337 0.03663003663003663 0.038461538461538464
1 0.29975579975579975 0.5576923076923077 0.030525030525030524 0.045787545787545784
1 0.3083028083028083 0.5183150183150184 0.03540903540903541 0.047619047619047616
1 0.3663003663003663 0.38095238095238093 0.029304029304029304 0.04395604395604396
1 0.4133089133089133 0.2976190476190476 0.03296703296703297 0.0347985347985348
1 0.45115995115995117 0.20238095238095238 0.03296703296703297 0.045787545787545784
1 0.681929181929182 0.04945054945054945 0.03540903540903541 0.04395604395604396
1 0.7796092796092796 0.07692307692307693 0.030525030525030524 0.04395604395604396
1 0.8199023199023199 0.06318681318681318 0.030525030525030524 0.045787545787545784
1 0.25274725274725274 0.6401098901098901 0.03663003663003663 0.04212454212454213
1 0.23809523809523808 0.34523809523809523 0.03663003663003663 0.04212454212454213
1 0.5500610500610501 0.510989010989011 0.02564102564102564 0.04395604395604396
1 0.8858363858363858 0.847985347985348 0.042735042735042736 0.05860805860805861
