0 0.4358974358974359 0.47710622710622713 0.04395604395604396 0.06776556776556776
0 0.4084249084249084 0.5521978021978022 0.047619047619047616 0.07142857142857142
0 0.4456654456654457 0.5293040293040293 0.03907203907203907 0.054945054945054944
0 0.3327228327228327 0.5677655677655677 0.045177045177045176 0.0695970695970696
0 0.28083028083028083 0.5622710622710623 0.04395604395604396 0.05860805860805861
0 0.31746031746031744 0.6327838827838828 0.04151404151404151 0.056776556776556776
0 0.28144078144078144 0.6437728937728938 0.03785103785103785 0.06776556776556776
0 0.23321123321123322 0.5631868131868132 0.04395604395604396 0.07142857142857142
0 0.2039072039072039 0.5210622710622711 0.04884004884004884 0.06776556776556776
0 0.17704517704517705 0.5705128205128205 0.04395604395604396 0.06776556776556776
0 0.152014652014652 0.5256410256410257 0.03540903540903541 0.054945054945054944
0 0.07203907203907203 0.5613553113553114 0.05128205128205128 0.07142857142857142
0 0.0641025641025641 0.4249084249084249 0.047619047619047616 0.06593406593406594
0 0.09218559218559219 0.37362637362637363 0.052503052503052504 0.06227106227106227
0 0.08180708180708181 0.30494505494505497 0.05860805860805861 0.06776556776556776
0 0.13675213675213677 0.3608058608058608 0.04151404151404151 0.05128205128205128
0 0.19047619047619047 0.43864468864468864 0.05128205128205128 0.0641025641025641
0 0.23321123321123322 0.3342490842490842 0.04884004884004884 0.07509157509157509
0 0.16544566544566544 0.30128205128205127 0.045177045177045176 0.05311355311355311
0 0.14713064713064714 0.2206959706959707 0.047619047619047616 0.06776556776556776
0 0.10195360195360195 0.17399267399267399 0.042735042735042736 0.06227106227106227
0 0.2576312576312576 0.15476190476190477 0.0463980463980464 0.06043956043956044
0 0.3235653235653236 0.14835164835164835 0.04395604395604396 0.07326007326007326
0 0.20207570207570208 0.20604395604395603 0.042735042735042736 0.0641025641025641
0 0.1807081807081807 0.15934065934065933 0.03663003663003663 0.054945054945054944
0 0.3956043956043956 0.1382783882783883 0.04884004884004884 0.06043956043956044
0 0.8223443223443223 0.7655677655677655 0.045177045177045176 0.07326007326007326
0 0.7338217338217338 0.8434065934065934 0.04151404151404151 0.07142857142857142
0 0.7680097680097681 0.8122710622710623 0.03907203907203907 0.07142857142857142
0 0.9285714285714286 0.6776556776556777 0.040293040293040296 0.06227106227106227
0 0.9719169719169719 0.5412087912087912 0.0463980463980464 0.0641025641025641
0 0.9572649572649573 0.6089743589743589 0.05128205128205128 0.07509157509157509
0 0.8803418803418803 0.8424908424908425 0.0463980463980464 0.08058608058608059
0 0.8168498168498168 0.8928571428571429 0.04151404151404151 0.06776556776556776
0 0.7649572649572649 0.9285714285714286 0.03785103785103785 0.0695970695970696
0 0.8247863247863247 0.9496336996336996 0.042735042735042736 0.07142857142857142
0 0.9731379731379731 0.7948717948717948 0.05128205128205128 0.07326007326007326
0 0.8253968253968254 0.42948717948717946 0.03663003663003663 0.04945054945054945
0 0.7362637362637363 0.47710622710622713 0.05372405372405373 0.07142857142857142
0 0.648962148962149 0.445970695970696 0.047619047619047616 0.07142857142857142
1 0.06776556776556776 0.1401098901098901 0.047619047619047616 0.05311355311355311
1 0.08974358974358974 0.07967032967032966 0.050061050061050064 0.0641025641025641
1 0.115995115995116 0.03571428571428571 0.05616605616605617 0.06043956043956044
1 0.6697191697191697 0.6767399267399268 0.03540903540903541 0.045787545787545784
1 0.6599511599511599 0.6346153846153846 0.03785103785103785 0.04212454212454213
1 0.645909645909646 0.5943223443223443 0.04395604395604396 0.04212454212454213
1 0.6288156288156288 0.5384615384615384 0.04395604395604396 0.05128205128205128
1 0.615995115995116 0.5 0.030525030525030524 0.03663003663003663
1 0.608058608058608 0.3507326007326007 0.029304029304029304 0.0347985347985348
1 0.6074481074481074 0.39285714285714285 0.047619047619047616 0.04945054945054945
1 0.5506715506715507 0.12637362637362637 0.029304029304029304 0.03663003663003663
1 0.5982905982905983 0.10256410256410256 0.031746031746031744 0.040293040293040296
1 0.5586080586080586 0.5045787545787546 0.030525030525030524 0.04212454212454213
1 0.5238095238095238 0.5375457875457875 0.03663003663003663 0.04212454212454213
1 0.48656898656898656 0.5586080586080586 0.045177045177045176 0.040293040293040296
1 0.44871794871794873 0.597985347985348 0.03540903540903541 0.038461538461538464
1 0.4010989010989011 0.6327838827838828 0.040293040293040296 0.045787545787545784
1 0.47374847374847373 0.22252747252747251 0.031746031746031744 0.045787545787545784
1 0.92002442002442 0.9368131868131868 0.02564102564102564 0.045787545787545784
