0 0.525030525030525 0.25366300366300365 0.04151404151404151 0.04945054945054945
0 0.5769230769230769 0.19963369963369965 0.040293040293040296 0.047619047619047616
0 0.48595848595848595 0.2976190476190476 0.03418803418803419 0.06043956043956044
0 0.5195360195360196 0.3076923076923077 0.047619047619047616 0.06593406593406594
0 0.608058608058608 0.4807692307692308 0.05860805860805861 0.07509157509157509
0 0.6202686202686203 0.4258241758241758 0.05372405372405373 0.06043956043956044
0 0.5702075702075702 0.3342490842490842 0.0463980463980464 0.07875457875457875
0 0.5995115995115995 0.34065934065934067 0.04395604395604396 0.07692307692307693
0 0.6379731379731379 0.3342490842490842 0.03785103785103785 0.09706959706959707
0 0.5763125763125763 0.27197802197802196 0.04395604395604396 0.06043956043956044
0 0.6043956043956044 0.27106227106227104 0.03663003663003663 0.07326007326007326
0 0.6391941391941391 0.2564102564102564 0.047619047619047616 0.0695970695970696
0 0.6764346764346765 0.26373626373626374 0.05372405372405373 0.07692307692307693
0 0.5152625152625152 0.7115384615384616 0.04151404151404151 0.07509157509157509
0 0.5653235653235653 0.7243589743589743 0.04884004884004884 0.07875457875457875
0 0.6141636141636142 0.7097069597069597 0.05372405372405373 0.06776556776556776
