0 0.22283272283272285 0.5018315018315018 0.03540903540903541 0.05860805860805861
0 0.2973137973137973 0.46153846153846156 0.030525030525030524 0.047619047619047616
0 0.2606837606837607 0.45604395604395603 0.042735042735042736 0.05860805860805861
0 0.19474969474969475 0.5366300366300366 0.03296703296703297 0.047619047619047616
0 0.16056166056166057 0.5384615384615384 0.03296703296703297 0.05128205128205128
0 0.13003663003663005 0.5393772893772893 0.03785103785103785 0.056776556776556776
0 0.09829059829059829 0.44505494505494503 0.030525030525030524 0.047619047619047616
0 0.05555555555555555 0.49175824175824173 0.054945054945054944 0.07142857142857142
0 0.09829059829059829 0.4935897435897436 0.040293040293040296 0.04945054945054945
0 0.04395604395604396 0.40201465201465203 0.03907203907203907 0.05311355311355311
0 0.06837606837606838 0.5402930402930403 0.03418803418803419 0.04395604395604396
0 0.07387057387057387 0.358974358974359 0.0231990231990232 0.03663003663003663
0 0.1349206349206349 0.3663003663003663 0.03785103785103785 0.05128205128205128
0 0.022588522588522588 0.31868131868131866 0.040293040293040296 0.054945054945054944
