0 0.48534798534798534 0.1620879120879121 0.042735042735042736 0.06776556776556776
0 0.20695970695970695 0.1108058608058608 0.040293040293040296 0.06043956043956044
0 0.24786324786324787 0.10531135531135531 0.0463980463980464 0.06776556776556776
0 0.2954822954822955 0.17032967032967034 0.05616605616605617 0.07692307692307693
0 0.5213675213675214 0.07692307692307693 0.0463980463980464 0.06593406593406594
0 0.5628815628815629 0.12545787545787546 0.05372405372405373 0.06776556776556776
0 0.4346764346764347 0.05952380952380952 0.04884004884004884 0.07142857142857142
0 0.4365079365079365 0.12912087912087913 0.047619047619047616 0.07142857142857142
0 0.6868131868131868 0.055860805860805864 0.042735042735042736 0.07142857142857142
0 0.721001221001221 0.08699633699633699 0.045177045177045176 0.06776556776556776
0 0.6868131868131868 0.12179487179487179 0.050061050061050064 0.07142857142857142
0 0.7625152625152625 0.05311355311355311 0.050061050061050064 0.0695970695970696
0 0.5854700854700855 0.34065934065934067 0.05982905982905983 0.0695970695970696
0 0.9096459096459096 0.1382783882783883 0.03418803418803419 0.0641025641025641
0 0.9645909645909646 0.1446886446886447 0.05128205128205128 0.07692307692307693
0 0.924908424908425 0.3498168498168498 0.052503052503052504 0.06593406593406594
0 0.9706959706959707 0.24084249084249085 0.04884004884004884 0.07142857142857142
1 0.06227106227106227 0.20695970695970695 0.03418803418803419 0.03296703296703297
1 0.10683760683760683 0.3965201465201465 0.030525030525030524 0.04212454212454213
1 0.10805860805860806 0.11904761904761904 0.028083028083028084 0.03663003663003663
1 0.2313797313797314 0.3717948717948718 0.054945054945054944 0.05860805860805861
1 0.24664224664224665 0.2774725274725275 0.031746031746031744 0.045787545787545784
1 0.22039072039072038 0.2802197802197802 0.030525030525030524 0.04395604395604396
1 0.163003663003663 0.4597069597069597 0.03540903540903541 0.047619047619047616
1 0.17338217338217338 0.521978021978022 0.029304029304029304 0.047619047619047616
1 0.14102564102564102 0.5805860805860806 0.03540903540903541 0.04395604395604396
1 0.36874236874236876 0.22985347985347984 0.031746031746031744 0.045787545787545784
1 0.5183150183150184 0.2591575091575092 0.028083028083028084 0.045787545787545784
1 0.5445665445665445 0.25457875457875456 0.03663003663003663 0.047619047619047616
1 0.6721611721611722 0.2793040293040293 0.03540903540903541 0.05311355311355311
1 0.6312576312576312 0.22252747252747251 0.031746031746031744 0.04945054945054945
1 0.6648351648351648 0.2042124542124542 0.03540903540903541 0.04945054945054945
1 0.6959706959706959 0.19413919413919414 0.029304029304029304 0.05128205128205128
1 0.681929181929182 0.423992673992674 0.02564102564102564 0.05311355311355311
1 0.7081807081807082 0.43956043956043955 0.02442002442002442 0.040293040293040296
1 0.57997557997558 0.5668498168498168 0.03663003663003663 0.05311355311355311
1 0.4658119658119658 0.46153846153846156 0.030525030525030524 0.047619047619047616
1 0.76007326007326 0.4413919413919414 0.03296703296703297 0.05128205128205128
1 0.7008547008547008 0.6602564102564102 0.03907203907203907 0.05311355311355311
1 0.6336996336996337 0.5576923076923077 0.026862026862026864 0.04945054945054945
1 0.25274725274725274 0.02564102564102564 0.031746031746031744 0.040293040293040296
1 0.3308913308913309 0.3434065934065934 0.029304029304029304 0.04212454212454213
1 0.28144078144078144 0.5659340659340659 0.040293040293040296 0.047619047619047616
1 0.3534798534798535 0.9496336996336996 0.03296703296703297 0.04212454212454213
1 0.11233211233211234 0.2847985347985348 0.02197802197802198 0.027472527472527472
1 0.1330891330891331 0.260989010989011 0.02197802197802198 0.0347985347985348
1 0.1746031746031746 0.19413919413919414 0.017094017094017096 0.03296703296703297
1 0.9853479853479854 0.07142857142857142 0.029304029304029304 0.05860805860805861
1 0.8211233211233211 0.0695970695970696 0.030525030525030524 0.04395604395604396
1 0.7612942612942613 0.15842490842490842 0.030525030525030524 0.04212454212454213
1 0.7881562881562881 0.13003663003663005 0.030525030525030524 0.047619047619047616
1 0.06349206349206349 0.8342490842490843 0.031746031746031744 0.038461538461538464
1 0.7515262515262515 0.3360805860805861 0.03540903540903541 0.04212454212454213
