0 0.3021978021978022 0.36996336996337 0.040293040293040296 0.054945054945054944
0 0.23443223443223443 0.260989010989011 0.03907203907203907 0.05311355311355311
0 0.2692307692307692 0.2619047619047619 0.03785103785103785 0.06593406593406594
0 0.3424908424908425 0.3333333333333333 0.040293040293040296 0.06593406593406594
0 0.38156288156288154 0.3305860805860806 0.042735042735042736 0.06776556776556776
0 0.44078144078144077 0.32051282051282054 0.03418803418803419 0.047619047619047616
0 0.3711843711843712 0.12545787545787546 0.0463980463980464 0.07142857142857142
0 0.3363858363858364 0.11446886446886446 0.040293040293040296 0.056776556776556776
0 0.5567765567765568 0.4642857142857143 0.031746031746031744 0.056776556776556776
0 0.6172161172161172 0.29395604395604397 0.052503052503052504 0.0641025641025641
0 0.6239316239316239 0.4706959706959707 0.029304029304029304 0.06593406593406594
0 0.6507936507936508 0.423992673992674 0.029304029304029304 0.038461538461538464
0 0.6575091575091575 0.47802197802197804 0.028083028083028084 0.04395604395604396
0 0.5592185592185592 0.5155677655677655 0.026862026862026864 0.04212454212454213
0 0.5952380952380952 0.5293040293040293 0.030525030525030524 0.047619047619047616
0 0.2765567765567766 0.19413919413919414 0.03296703296703297 0.047619047619047616
0 0.2490842490842491 0.1346153846153846 0.03907203907203907 0.07142857142857142
