0 0.38522588522588525 0.06227106227106227 0.045177045177045176 0.06227106227106227
0 0.6282051282051282 0.15842490842490842 0.050061050061050064 0.08241758241758242
0 0.666056166056166 0.17032967032967034 0.040293040293040296 0.054945054945054944
0 0.5903540903540904 0.22527472527472528 0.040293040293040296 0.054945054945054944
0 0.6245421245421245 0.21794871794871795 0.040293040293040296 0.05128205128205128
0 0.5341880341880342 0.16575091575091574 0.040293040293040296 0.06776556776556776
0 0.5085470085470085 0.23901098901098902 0.050061050061050064 0.07142857142857142
0 0.7051282051282052 0.2857142857142857 0.040293040293040296 0.06227106227106227
0 0.7344322344322345 0.29120879120879123 0.03785103785103785 0.07326007326007326
0 0.7851037851037851 0.3086080586080586 0.04884004884004884 0.07142857142857142
0 0.7905982905982906 0.1987179487179487 0.050061050061050064 0.07142857142857142
0 0.797924297924298 0.12087912087912088 0.047619047619047616 0.0695970695970696
0 0.7234432234432234 0.16391941391941392 0.052503052503052504 0.07142857142857142
0 0.811965811965812 0.07234432234432235 0.0463980463980464 0.056776556776556776
0 0.7301587301587301 0.04212454212454213 0.0463980463980464 0.06593406593406594
0 0.7673992673992674 0.045787545787545784 0.047619047619047616 0.07326007326007326
0 0.7002442002442002 0.5064102564102564 0.045177045177045176 0.0641025641025641
0 0.6965811965811965 0.5732600732600732 0.052503052503052504 0.07326007326007326
0 0.2557997557997558 0.5073260073260073 0.057387057387057384 0.054945054945054944
0 0.016483516483516484 0.413003663003663 0.030525030525030524 0.06043956043956044
0 0.04822954822954823 0.4340659340659341 0.028083028083028084 0.05860805860805861
0 0.08608058608058608 0.4413919413919414 0.050061050061050064 0.07692307692307693
0 0.021367521367521368 0.5366300366300366 0.03785103785103785 0.05860805860805861
0 0.06471306471306472 0.5613553113553114 0.05372405372405373 0.056776556776556776
0 0.022588522588522588 0.6062271062271062 0.03296703296703297 0.07326007326007326
0 0.043345543345543344 0.6053113553113553 0.054945054945054944 0.06043956043956044
0 0.030525030525030524 0.7014652014652014 0.05616605616605617 0.06593406593406594
0 0.25213675213675213 0.6181318681318682 0.040293040293040296 0.07509157509157509
0 0.9572649572649573 0.3067765567765568 0.03907203907203907 0.05311355311355311
1 0.25274725274725274 0.38644688644688646 0.03418803418803419 0.040293040293040296
1 0.2612942612942613 0.32234432234432236 0.029304029304029304 0.040293040293040296
1 0.3156288156288156 0.304029304029304 0.028083028083028084 0.047619047619047616
1 0.33577533577533575 0.3076923076923077 0.02442002442002442 0.05128205128205128
1 0.3528693528693529 0.31043956043956045 0.029304029304029304 0.04212454212454213
1 0.3803418803418803 0.36996336996337 0.02564102564102564 0.03663003663003663
1 0.3791208791208791 0.41208791208791207 0.030525030525030524 0.047619047619047616
1 0.3663003663003663 0.4734432234432234 0.026862026862026864 0.07142857142857142
1 0.33760683760683763 0.6089743589743589 0.042735042735042736 0.056776556776556776
1 0.38705738705738707 0.6465201465201466 0.03907203907203907 0.05128205128205128
1 0.3339438339438339 0.6620879120879121 0.03296703296703297 0.045787545787545784
1 0.32783882783882784 0.6996336996336996 0.03540903540903541 0.047619047619047616
1 0.31807081807081805 0.7435897435897436 0.03785103785103785 0.04395604395604396
1 0.31074481074481075 0.7710622710622711 0.03540903540903541 0.05860805860805861
1 0.221001221001221 0.7866300366300366 0.029304029304029304 0.04945054945054945
1 0.21367521367521367 0.5521978021978022 0.026862026862026864 0.045787545787545784
1 0.221001221001221 0.5137362637362637 0.03663003663003663 0.045787545787545784
1 0.48595848595848595 0.575091575091575 0.02442002442002442 0.029304029304029304
1 0.16361416361416362 0.7939560439560439 0.03418803418803419 0.038461538461538464
1 0.6483516483516484 0.43315018315018317 0.031746031746031744 0.07509157509157509
1 0.6330891330891331 0.5210622710622711 0.030525030525030524 0.05311355311355311
1 0.6221001221001221 0.5732600732600732 0.030525030525030524 0.06227106227106227
1 0.615995115995116 0.6272893772893773 0.030525030525030524 0.045787545787545784
1 0.5866910866910867 0.7371794871794872 0.03296703296703297 0.0641025641025641
1 0.5732600732600732 0.8003663003663004 0.02564102564102564 0.05860805860805861
1 0.5537240537240538 0.8717948717948718 0.028083028083028084 0.06227106227106227
1 0.4694749694749695 0.6529304029304029 0.030525030525030524 0.0641025641025641
1 0.4645909645909646 0.7197802197802198 0.030525030525030524 0.040293040293040296
1 0.4474969474969475 0.7619047619047619 0.040293040293040296 0.08058608058608059
1 0.452991452991453 0.826007326007326 0.029304029304029304 0.047619047619047616
1 0.43223443223443225 0.8690476190476191 0.026862026862026864 0.05311355311355311
1 0.4181929181929182 0.9340659340659341 0.020757020757020756 0.05128205128205128
1 0.46642246642246643 0.3360805860805861 0.03418803418803419 0.056776556776556776
1 0.8302808302808303 0.4551282051282051 0.031746031746031744 0.0347985347985348
1 0.8601953601953602 0.45787545787545786 0.03785103785103785 0.03296703296703297
1 0.9474969474969475 0.532051282051282 0.029304029304029304 0.0347985347985348
1 0.9444444444444444 0.5668498168498168 0.02564102564102564 0.038461538461538464
1 0.9444444444444444 0.6163003663003663 0.030525030525030524 0.05311355311355311
1 0.061660561660561664 0.22802197802197802 0.03540903540903541 0.04212454212454213
1 0.09523809523809523 0.24084249084249085 0.02197802197802198 0.0347985347985348
