1 0.07387057387057387 0.2793040293040293 0.02564102564102564 0.038461538461538464
1 0.05128205128205128 0.18772893772893773 0.03663003663003663 0.04945054945054945
1 0.0927960927960928 0.15384615384615385 0.04151404151404151 0.047619047619047616
1 0.026862026862026864 0.04487179487179487 0.04151404151404151 0.04212454212454213
1 0.054945054945054944 0.08608058608058608 0.04884004884004884 0.05128205128205128
1 0.2503052503052503 0.5146520146520146 0.029304029304029304 0.040293040293040296
1 0.2771672771672772 0.3946886446886447 0.031746031746031744 0.045787545787545784
1 0.315018315018315 0.34065934065934067 0.03418803418803419 0.040293040293040296
1 0.3437118437118437 0.2875457875457875 0.03296703296703297 0.040293040293040296
1 0.38095238095238093 0.22893772893772893 0.03418803418803419 0.04395604395604396
1 0.3992673992673993 0.20054945054945056 0.031746031746031744 0.04212454212454213
1 0.4365079365079365 0.25457875457875456 0.03785103785103785 0.047619047619047616
1 0.43894993894993894 0.49725274725274726 0.047619047619047616 0.06776556776556776
1 0.5213675213675214 0.5732600732600732 0.031746031746031744 0.047619047619047616
1 0.34676434676434675 0.6108058608058609 0.031746031746031744 0.045787545787545784
1 0.38461538461538464 0.6529304029304029 0.03663003663003663 0.056776556776556776
1 0.4908424908424908 0.7793040293040293 0.04151404151404151 0.05311355311355311
1 0.5067155067155067 0.8415750915750916 0.03663003663003663 0.038461538461538464
1 0.12942612942612944 0.9184981684981685 0.031746031746031744 0.04212454212454213
1 0.16422466422466422 0.5888278388278388 0.03296703296703297 0.0347985347985348
1 0.12087912087912088 0.48534798534798534 0.03418803418803419 0.05128205128205128
1 0.5921855921855922 0.6712454212454212 0.029304029304029304 0.04212454212454213
1 0.6605616605616605 0.7326007326007326 0.03418803418803419 0.05128205128205128
1 0.7576312576312576 0.5668498168498168 0.030525030525030524 0.038461538461538464
1 0.8772893772893773 0.4880952380952381 0.03785103785103785 0.07142857142857142
1 0.9010989010989011 0.7106227106227107 0.03418803418803419 0.05128205128205128
1 0.9340659340659341 0.7454212454212454 0.03663003663003663 0.054945054945054944
1 0.981074481074481 0.7985347985347986 0.030525030525030524 0.047619047619047616
1 0.7448107448107448 0.6346153846153846 0.026862026862026864 0.04212454212454213
1 0.6605616605616605 0.8141025641025641 0.03418803418803419 0.045787545787545784
1 0.7258852258852259 0.8324175824175825 0.030525030525030524 0.04212454212454213
1 0.7484737484737485 0.9331501831501832 0.031746031746031744 0.045787545787545784
1 0.7625152625152625 0.8131868131868132 0.03540903540903541 0.05128205128205128
1 0.561050061050061 0.8635531135531136 0.03785103785103785 0.06043956043956044
1 0.5854700854700855 0.7976190476190477 0.042735042735042736 0.04212454212454213
1 0.6477411477411478 0.9047619047619048 0.030525030525030524 0.04395604395604396
1 0.688034188034188 0.5833333333333334 0.028083028083028084 0.04212454212454213
1 0.8278388278388278 0.23992673992673993 0.031746031746031744 0.06593406593406594
1 0.8003663003663004 0.10531135531135531 0.030525030525030524 0.04945054945054945
1 0.9145299145299145 0.0989010989010989 0.026862026862026864 0.040293040293040296
1 0.9352869352869353 0.08241758241758242 0.03663003663003663 0.047619047619047616
1 0.32173382173382176 0.031135531135531136 0.03785103785103785 0.05860805860805861
