0 0.49755799755799757 0.08699633699633699 0.042735042735042736 0.056776556776556776
0 0.4523809523809524 0.20146520146520147 0.040293040293040296 0.054945054945054944
0 0.521978021978022 0.15018315018315018 0.03296703296703297 0.054945054945054944
0 0.5641025641025641 0.16941391941391942 0.04395604395604396 0.056776556776556776
0 0.5073260073260073 0.27106227106227104 0.045177045177045176 0.08058608058608059
0 0.5500610500610501 0.26465201465201466 0.050061050061050064 0.08241758241758242
0 0.510989010989011 0.3424908424908425 0.052503052503052504 0.0695970695970696
0 0.5170940170940171 0.027472527472527472 0.040293040293040296 0.05128205128205128
0 0.48473748473748474 0.4423076923076923 0.04884004884004884 0.08241758241758242
0 0.6330891330891331 0.21703296703296704 0.052503052503052504 0.07142857142857142
0 0.688034188034188 0.1336996336996337 0.050061050061050064 0.08058608058608059
0 0.6379731379731379 0.11263736263736264 0.045177045177045176 0.056776556776556776
0 0.645909645909646 0.45787545787545786 0.04395604395604396 0.06593406593406594
0 0.6526251526251526 0.3946886446886447 0.047619047619047616 0.06776556776556776
0 0.6214896214896215 0.32234432234432236 0.04884004884004884 0.07692307692307693
0 0.7912087912087912 0.28846153846153844 0.04151404151404151 0.0641025641025641
0 0.03235653235653236 0.5778388278388278 0.050061050061050064 0.056776556776556776
0 0.030525030525030524 0.6309523809523809 0.04884004884004884 0.056776556776556776
0 0.19963369963369965 0.6620879120879121 0.047619047619047616 0.0641025641025641
0 0.2667887667887668 0.7628205128205128 0.042735042735042736 0.056776556776556776
0 0.16605616605616605 0.9358974358974359 0.04884004884004884 0.06593406593406594
0 0.12515262515262515 0.9340659340659341 0.03785103785103785 0.054945054945054944
0 0.32173382173382176 0.8406593406593407 0.047619047619047616 0.07692307692307693
0 0.3992673992673993 0.7023809523809523 0.03907203907203907 0.05311355311355311
1 0.18437118437118438 0.12362637362637363 0.029304029304029304 0.038461538461538464
1 0.19719169719169719 0.0173992673992674 0.03296703296703297 0.031135531135531136
1 0.057997557997558 0.17399267399267399 0.030525030525030524 0.047619047619047616
1 0.054945054945054944 0.12362637362637363 0.03663003663003663 0.045787545787545784
1 0.06105006105006105 0.09065934065934066 0.031746031746031744 0.04212454212454213
1 0.5683760683760684 0.11355311355311355 0.03540903540903541 0.05128205128205128
1 0.40476190476190477 0.4358974358974359 0.02564102564102564 0.03296703296703297
1 0.4065934065934066 0.3965201465201465 0.029304029304029304 0.04945054945054945
1 0.7118437118437119 0.510989010989011 0.026862026862026864 0.04395604395604396
1 0.7155067155067155 0.4716117216117216 0.019536019536019536 0.045787545787545784
1 0.7191697191697192 0.42948717948717946 0.026862026862026864 0.04212454212454213
1 0.7258852258852259 0.38278388278388276 0.03540903540903541 0.05128205128205128
1 0.7350427350427351 0.32783882783882784 0.031746031746031744 0.054945054945054944
1 0.73992673992674 0.2902930402930403 0.029304029304029304 0.04212454212454213
1 0.7454212454212454 0.22252747252747251 0.03540903540903541 0.045787545787545784
1 0.7533577533577533 0.18956043956043955 0.03418803418803419 0.045787545787545784
1 0.8504273504273504 0.35714285714285715 0.0231990231990232 0.03663003663003663
1 0.8736263736263736 0.2765567765567766 0.03296703296703297 0.06227106227106227
1 0.8736263736263736 0.2216117216117216 0.03296703296703297 0.040293040293040296
1 0.8772893772893773 0.10622710622710622 0.030525030525030524 0.04395604395604396
1 0.8876678876678876 0.06593406593406594 0.03907203907203907 0.04395604395604396
1 0.8876678876678876 0.16575091575091574 0.031746031746031744 0.056776556776556776
1 0.9578754578754579 0.2673992673992674 0.030525030525030524 0.054945054945054944
1 0.9774114774114774 0.4990842490842491 0.03785103785103785 0.05311355311355311
1 0.5225885225885226 0.5283882783882784 0.029304029304029304 0.04212454212454213
1 0.4902319902319902 0.5347985347985348 0.03296703296703297 0.04395604395604396
