1 0.5427350427350427 0.2454212454212454 0.03296703296703297 0.04395604395604396
1 0.09829059829059829 0.6959706959706959 0.028083028083028084 0.04395604395604396
1 0.018315018315018316 0.7234432234432234 0.03418803418803419 0.03663003663003663
1 0.05982905982905983 0.6263736263736264 0.029304029304029304 0.04395604395604396
1 0.43284493284493286 0.1858974358974359 0.028083028083028084 0.038461538461538464
1 0.45604395604395603 0.057692307692307696 0.030525030525030524 0.04212454212454213
1 0.594017094017094 0.2866300366300366 0.028083028083028084 0.0347985347985348
1 0.9688644688644689 0.13095238095238096 0.02564102564102564 0.045787545787545784
1 0.4236874236874237 0.27564102564102566 0.03418803418803419 0.045787545787545784
1 0.41452991452991456 0.3434065934065934 0.02564102564102564 0.04212454212454213
1 0.4194139194139194 0.5897435897435898 0.028083028083028084 0.03663003663003663
1 0.043345543345543344 0.20604395604395603 0.02564102564102564 0.038461538461538464
1 0.038461538461538464 0.31227106227106227 0.03785103785103785 0.05311355311355311
1 0.04212454212454213 0.4175824175824176 0.03785103785103785 0.05128205128205128
1 0.04212454212454213 0.5164835164835165 0.02564102564102564 0.040293040293040296
1 0.10073260073260074 0.6172161172161172 0.02564102564102564 0.029304029304029304
1 0.20757020757020758 0.6153846153846154 0.029304029304029304 0.040293040293040296
1 0.23504273504273504 0.5659340659340659 0.0231990231990232 0.040293040293040296
1 0.2326007326007326 0.6648351648351648 0.020757020757020756 0.029304029304029304
1 0.5225885225885226 0.5888278388278388 0.031746031746031744 0.04212454212454213
1 0.47985347985347987 0.7481684981684982 0.02442002442002442 0.04212454212454213
1 0.532967032967033 0.7554945054945055 0.028083028083028084 0.0347985347985348
1 0.31074481074481075 0.6758241758241759 0.02564102564102564 0.03663003663003663
1 0.3089133089133089 0.7161172161172161 0.026862026862026864 0.03296703296703297
1 0.3137973137973138 0.7582417582417582 0.026862026862026864 0.040293040293040296
1 0.48412698412698413 0.6126373626373627 0.03296703296703297 0.031135531135531136
1 0.963980463980464 0.7939560439560439 0.028083028083028084 0.04212454212454213
1 0.5903540903540904 0.8333333333333334 0.03540903540903541 0.05128205128205128
1 0.014652014652014652 0.03296703296703297 0.026862026862026864 0.047619047619047616
1 0.01221001221001221 0.07967032967032966 0.02197802197802198 0.04212454212454213
0 0.5378510378510378 0.1565934065934066 0.045177045177045176 0.07142857142857142
1 0.8931623931623932 0.23901098901098902 0.028083028083028084 0.031135531135531136
1 0.9065934065934066 0.2206959706959707 0.028083028083028084 0.038461538461538464
1 0.7826617826617827 0.8095238095238095 0.031746031746031744 0.047619047619047616
1 0.7808302808302808 0.8791208791208791 0.030525030525030524 0.05128205128205128
0 0.054945054945054944 0.16941391941391942 0.04884004884004884 0.06776556776556776
0 0.13247863247863248 0.21428571428571427 0.047619047619047616 0.05860805860805861
0 0.1385836385836386 0.21703296703296704 0.042735042735042736 0.05311355311355311
0 0.21794871794871795 0.21428571428571427 0.047619047619047616 0.06227106227106227
0 0.184981684981685 0.28113553113553114 0.040293040293040296 0.05311355311355311
0 0.09218559218559219 0.2802197802197802 0.057387057387057384 0.0695970695970696
0 0.21550671550671552 0.34798534798534797 0.045177045177045176 0.07692307692307693
0 0.13186813186813187 0.3946886446886447 0.0463980463980464 0.07142857142857142
0 0.1746031746031746 0.40476190476190477 0.05372405372405373 0.0695970695970696
0 0.28083028083028083 0.23992673992673993 0.05128205128205128 0.054945054945054944
0 0.2905982905982906 0.2948717948717949 0.05128205128205128 0.05128205128205128
0 0.2875457875457875 0.35714285714285715 0.047619047619047616 0.06227106227106227
0 0.2954822954822955 0.4267399267399267 0.04151404151404151 0.05860805860805861
0 0.2948717948717949 0.4716117216117216 0.045177045177045176 0.05311355311355311
0 0.29304029304029305 0.5347985347985348 0.03418803418803419 0.047619047619047616
0 0.3516483516483517 0.4908424908424908 0.04151404151404151 0.05860805860805861
0 0.36446886446886445 0.5467032967032966 0.045177045177045176 0.056776556776556776
0 0.2979242979242979 0.5906593406593407 0.03663003663003663 0.05311355311355311
0 0.3504273504273504 0.3543956043956044 0.03418803418803419 0.04945054945054945
0 0.3534798534798535 0.29945054945054944 0.040293040293040296 0.05311355311355311
0 0.5006105006105006 0.05402930402930403 0.05128205128205128 0.07875457875457875
0 0.7185592185592186 0.391025641025641 0.040293040293040296 0.06043956043956044
0 0.775946275946276 0.32051282051282054 0.050061050061050064 0.07326007326007326
0 0.21794871794871795 0.1510989010989011 0.047619047619047616 0.06043956043956044
0 0.27350427350427353 0.10622710622710622 0.04884004884004884 0.08791208791208792
0 0.3547008547008547 0.09615384615384616 0.047619047619047616 0.08241758241758242
0 0.6422466422466423 0.6126373626373627 0.04884004884004884 0.06776556776556776
0 0.7277167277167277 0.6327838827838828 0.0463980463980464 0.07142857142857142
0 0.5231990231990232 0.6978021978021978 0.042735042735042736 0.06593406593406594
0 0.6617826617826618 0.7985347985347986 0.04151404151404151 0.06593406593406594
0 0.6965811965811965 0.7316849816849816 0.040293040293040296 0.07875457875457875
0 0.7393162393162394 0.7371794871794872 0.040293040293040296 0.06776556776556776
0 0.7063492063492064 0.8131868131868132 0.042735042735042736 0.0695970695970696
0 0.5457875457875457 0.8946886446886447 0.04884004884004884 0.0641025641025641
0 0.463980463980464 0.9624542124542125 0.0463980463980464 0.06043956043956044
0 0.5470085470085471 0.9633699633699634 0.04151404151404151 0.05860805860805861
0 0.6654456654456654 0.9331501831501832 0.04395604395604396 0.07509157509157509
0 0.7008547008547008 0.9221611721611722 0.03907203907203907 0.0641025641025641
0 0.8815628815628815 0.8974358974358975 0.03663003663003663 0.07326007326007326
0 0.9188034188034188 0.8424908424908425 0.052503052503052504 0.06593406593406594
0 0.9163614163614163 0.8992673992673993 0.045177045177045176 0.07326007326007326
0 0.9108669108669109 0.9551282051282052 0.04884004884004884 0.0641025641025641
0 0.663003663003663 0.16758241758241757 0.03907203907203907 0.0641025641025641
0 0.6959706959706959 0.16391941391941392 0.03418803418803419 0.056776556776556776
0 0.6587301587301587 0.24267399267399267 0.045177045177045176 0.06043956043956044
0 0.6642246642246642 0.33516483516483514 0.03663003663003663 0.047619047619047616
0 0.909035409035409 0.641941391941392 0.03785103785103785 0.0641025641025641
0 0.9456654456654456 0.5842490842490843 0.03540903540903541 0.047619047619047616
0 0.9145299145299145 0.3507326007326007 0.04884004884004884 0.056776556776556776
0 0.9554334554334555 0.30494505494505497 0.03540903540903541 0.04945054945054945
0 0.6025641025641025 0.045787545787545784 0.052503052503052504 0.07326007326007326
1 0.115995115995116 0.7554945054945055 0.02442002442002442 0.045787545787545784
1 0.06471306471306472 0.7957875457875457 0.02442002442002442 0.0347985347985348
1 0.014041514041514042 0.5467032967032966 0.0231990231990232 0.04212454212454213
