0 0.2851037851037851 0.07875457875457875 0.045177045177045176 0.0695970695970696
0 0.43956043956043955 0.15934065934065933 0.031746031746031744 0.05860805860805861
0 0.47619047619047616 0.21978021978021978 0.04884004884004884 0.0695970695970696
0 0.47802197802197804 0.15842490842490842 0.040293040293040296 0.0641025641025641
0 0.4371184371184371 0.27564102564102566 0.03418803418803419 0.045787545787545784
0 0.5195360195360196 0.2316849816849817 0.040293040293040296 0.05311355311355311
0 0.5665445665445665 0.17032967032967034 0.03663003663003663 0.05860805860805861
0 0.5286935286935287 0.16025641025641027 0.04395604395604396 0.0641025641025641
0 0.5641025641025641 0.11446886446886446 0.03663003663003663 0.056776556776556776
0 0.5714285714285714 0.06318681318681318 0.03663003663003663 0.05311355311355311
0 0.5311355311355311 0.048534798534798536 0.04884004884004884 0.06776556776556776
0 0.489010989010989 0.09615384615384616 0.047619047619047616 0.0641025641025641
0 0.43772893772893773 0.09432234432234432 0.050061050061050064 0.06043956043956044
0 0.4456654456654457 0.03021978021978022 0.04395604395604396 0.056776556776556776
0 0.40476190476190477 0.03296703296703297 0.045177045177045176 0.06227106227106227
1 0.12576312576312576 0.16575091575091574 0.03663003663003663 0.04212454212454213
1 0.04822954822954823 0.14652014652014653 0.028083028083028084 0.04395604395604396
1 0.0695970695970696 0.1565934065934066 0.026862026862026864 0.04212454212454213
1 0.11477411477411477 0.06593406593406594 0.03418803418803419 0.047619047619047616
1 0.06715506715506715 0.3873626373626374 0.04151404151404151 0.045787545787545784
1 0.12576312576312576 0.3305860805860806 0.029304029304029304 0.038461538461538464
1 0.09157509157509157 0.326007326007326 0.026862026862026864 0.04395604395604396
1 0.061660561660561664 0.023809523809523808 0.02564102564102564 0.029304029304029304
