1 0.5396825396825397 0.36904761904761907 0.0463980463980464 0.056776556776556776
1 0.9096459096459096 0.717032967032967 0.026862026862026864 0.045787545787545784
1 0.891941391941392 0.7353479853479854 0.0231990231990232 0.038461538461538464
1 0.7753357753357754 0.7454212454212454 0.029304029304029304 0.040293040293040296
1 0.7967032967032966 0.8452380952380952 0.02564102564102564 0.038461538461538464
1 0.36996336996337 0.8415750915750916 0.03418803418803419 0.038461538461538464
1 0.405982905982906 0.8882783882783882 0.042735042735042736 0.05128205128205128
1 0.3528693528693529 0.8772893772893773 0.029304029304029304 0.040293040293040296
1 0.04212454212454213 0.9047619047619048 0.030525030525030524 0.047619047619047616
1 0.023809523809523808 0.815018315018315 0.030525030525030524 0.04395604395604396
1 0.02442002442002442 0.7087912087912088 0.02442002442002442 0.047619047619047616
1 0.29365079365079366 0.6767399267399268 0.03540903540903541 0.05311355311355311
1 0.27106227106227104 0.6529304029304029 0.026862026862026864 0.0347985347985348
1 0.2277167277167277 0.5888278388278388 0.03540903540903541 0.04212454212454213
1 0.06898656898656899 0.163003663003663 0.03296703296703297 0.047619047619047616
1 0.03235653235653236 0.056776556776556776 0.028083028083028084 0.04395604395604396
1 0.03907203907203907 0.12912087912087913 0.02442002442002442 0.0347985347985348
1 0.3803418803418803 0.163003663003663 0.028083028083028084 0.05128205128205128
1 0.4010989010989011 0.2078754578754579 0.045177045177045176 0.045787545787545784
1 0.17277167277167277 0.22252747252747251 0.03540903540903541 0.045787545787545784
1 0.5 0.5366300366300366 0.020757020757020756 0.02564102564102564
1 0.5341880341880342 0.5897435897435898 0.015873015873015872 0.02197802197802198
1 0.358974358974359 0.4001831501831502 0.02197802197802198 0.031135531135531136
1 0.7594627594627594 0.09065934065934066 0.02197802197802198 0.045787545787545784
