0 0.3412698412698413 0.34523809523809523 0.042735042735042736 0.06043956043956044
0 0.34615384615384615 0.2866300366300366 0.042735042735042736 0.056776556776556776
0 0.08608058608058608 0.40201465201465203 0.03785103785103785 0.056776556776556776
0 0.04884004884004884 0.40293040293040294 0.03663003663003663 0.05860805860805861
0 0.0463980463980464 0.4661172161172161 0.04151404151404151 0.056776556776556776
0 0.04884004884004884 0.5247252747252747 0.03418803418803419 0.045787545787545784
0 0.01282051282051282 0.5183150183150184 0.0231990231990232 0.05128205128205128
0 0.01098901098901099 0.46153846153846156 0.019536019536019536 0.05860805860805861
0 0.016483516483516484 0.3946886446886447 0.030525030525030524 0.06043956043956044
0 0.3601953601953602 0.7197802197802198 0.05128205128205128 0.05128205128205128
0 0.36324786324786323 0.6712454212454212 0.047619047619047616 0.056776556776556776
0 0.41025641025641024 0.6813186813186813 0.04151404151404151 0.06593406593406594
0 0.4481074481074481 0.684981684981685 0.04151404151404151 0.05860805860805861
0 0.36813186813186816 0.6098901098901099 0.045177045177045176 0.05860805860805861
0 0.41025641025641024 0.6108058608058609 0.0463980463980464 0.07875457875457875
0 0.4548229548229548 0.6208791208791209 0.042735042735042736 0.06593406593406594
0 0.49694749694749696 0.6190476190476191 0.04395604395604396 0.06227106227106227
0 0.4938949938949939 0.6804029304029304 0.047619047619047616 0.056776556776556776
0 0.4481074481074481 0.7298534798534798 0.026862026862026864 0.038461538461538464
0 0.4896214896214896 0.7362637362637363 0.04395604395604396 0.05128205128205128
0 0.5384615384615384 0.6822344322344323 0.04151404151404151 0.07142857142857142
0 0.5781440781440782 0.7032967032967034 0.045177045177045176 0.054945054945054944
0 0.5781440781440782 0.6529304029304029 0.045177045177045176 0.05311355311355311
0 0.63003663003663 0.6978021978021978 0.0463980463980464 0.06593406593406594
0 0.6245421245421245 0.7518315018315018 0.045177045177045176 0.04212454212454213
0 0.6330891330891331 0.6382783882783882 0.03296703296703297 0.045787545787545784
0 0.6764346764346765 0.652014652014652 0.04395604395604396 0.06593406593406594
0 0.7081807081807082 0.7042124542124543 0.04151404151404151 0.05311355311355311
0 0.7222222222222222 0.6456043956043956 0.03540903540903541 0.056776556776556776
1 0.2851037851037851 0.7536630036630036 0.03540903540903541 0.0347985347985348
1 0.2796092796092796 0.7087912087912088 0.026862026862026864 0.04395604395604396
1 0.28266178266178266 0.6327838827838828 0.03296703296703297 0.038461538461538464
1 0.2869352869352869 0.5192307692307693 0.03418803418803419 0.04212454212454213
1 0.2851037851037851 0.33516483516483514 0.02564102564102564 0.040293040293040296
1 0.2796092796092796 0.17673992673992675 0.031746031746031744 0.04945054945054945
1 0.28083028083028083 0.10805860805860806 0.019536019536019536 0.029304029304029304
1 0.2844932844932845 0.06593406593406594 0.029304029304029304 0.04395604395604396
1 0.2838827838827839 0.022893772893772892 0.03296703296703297 0.04212454212454213
1 0.013431013431013432 0.7481684981684982 0.02442002442002442 0.045787545787545784
1 0.059218559218559216 0.7445054945054945 0.02564102564102564 0.04212454212454213
1 0.08852258852258853 0.7481684981684982 0.030525030525030524 0.045787545787545784
1 0.12637362637362637 0.7490842490842491 0.03785103785103785 0.03663003663003663
1 0.539072039072039 0.9734432234432234 0.03540903540903541 0.04945054945054945
1 0.5665445665445665 0.923992673992674 0.029304029304029304 0.045787545787545784
1 0.5757020757020757 0.8891941391941391 0.028083028083028084 0.0347985347985348
1 0.41452991452991456 0.7692307692307693 0.040293040293040296 0.05128205128205128
1 0.44932844932844934 0.7756410256410257 0.031746031746031744 0.04945054945054945
1 0.47741147741147744 0.782967032967033 0.03663003663003663 0.038461538461538464
1 0.5195360195360196 0.7783882783882784 0.042735042735042736 0.06227106227106227
1 0.590964590964591 0.7902930402930403 0.029304029304029304 0.05311355311355311
1 0.7545787545787546 0.6712454212454212 0.02442002442002442 0.08974358974358974
1 0.7557997557997558 0.2216117216117216 0.026862026862026864 0.040293040293040296
1 0.7557997557997558 0.25 0.03663003663003663 0.038461538461538464
1 0.5177045177045178 0.2573260073260073 0.026862026862026864 0.0347985347985348
1 0.4731379731379731 0.260989010989011 0.030525030525030524 0.045787545787545784
1 0.7551892551892552 0.5567765567765568 0.030525030525030524 0.054945054945054944
1 0.7576312576312576 0.5073260073260073 0.03296703296703297 0.03663003663003663
1 0.7564102564102564 0.4706959706959707 0.03296703296703297 0.04395604395604396
1 0.7564102564102564 0.4340659340659341 0.02564102564102564 0.04395604395604396
1 0.7606837606837606 0.3232600732600733 0.026862026862026864 0.05311355311355311
1 0.7576312576312576 0.3663003663003663 0.028083028083028084 0.047619047619047616
1 0.6642246642246642 0.7875457875457875 0.03663003663003663 0.04395604395604396
1 0.7008547008547008 0.7866300366300366 0.04151404151404151 0.045787545787545784
0 0.9822954822954822 0.6575091575091575 0.03540903540903541 0.08791208791208792
0 0.6001221001221001 0.03296703296703297 0.030525030525030524 0.05128205128205128
