1 0.20695970695970695 0.4157509157509158 0.02564102564102564 0.04395604395604396
1 0.2081807081807082 0.36813186813186816 0.03296703296703297 0.040293040293040296
1 0.2454212454212454 0.3882783882783883 0.031746031746031744 0.03663003663003663
1 0.24114774114774115 0.35805860805860806 0.030525030525030524 0.04212454212454213
1 0.278998778998779 0.29212454212454214 0.03540903540903541 0.06043956043956044
1 0.3199023199023199 0.2490842490842491 0.03418803418803419 0.06593406593406594
1 0.3083028083028083 0.3507326007326007 0.057387057387057384 0.04945054945054945
1 0.3717948717948718 0.336996336996337 0.047619047619047616 0.04395604395604396
1 0.35836385836385837 0.43864468864468864 0.03296703296703297 0.04212454212454213
1 0.3894993894993895 0.3836996336996337 0.02442002442002442 0.0347985347985348
1 0.4188034188034188 0.3891941391941392 0.026862026862026864 0.04212454212454213
1 0.43101343101343104 0.42124542124542125 0.031746031746031744 0.03663003663003663
1 0.3516483516483517 0.6446886446886447 0.029304029304029304 0.040293040293040296
1 0.19291819291819293 0.6144688644688645 0.031746031746031744 0.056776556776556776
1 0.17582417582417584 0.728021978021978 0.026862026862026864 0.038461538461538464
1 0.25824175824175827 0.6510989010989011 0.030525030525030524 0.031135531135531136
1 0.4609279609279609 0.6684981684981685 0.047619047619047616 0.05128205128205128
1 0.48717948717948717 0.6153846153846154 0.026862026862026864 0.047619047619047616
1 0.5409035409035409 0.3534798534798535 0.03663003663003663 0.04395604395604396
1 0.5561660561660562 0.31043956043956045 0.028083028083028084 0.038461538461538464
1 0.5714285714285714 0.2490842490842491 0.031746031746031744 0.06227106227106227
1 0.5879120879120879 0.19139194139194138 0.028083028083028084 0.04212454212454213
1 0.6251526251526252 0.0641025641025641 0.03418803418803419 0.0695970695970696
1 0.6245421245421245 0.4945054945054945 0.042735042735042736 0.06227106227106227
1 0.7735042735042735 0.5686813186813187 0.02564102564102564 0.038461538461538464
1 0.8315018315018315 0.5815018315018315 0.029304029304029304 0.04212454212454213
1 0.8235653235653235 0.6831501831501832 0.0231990231990232 0.040293040293040296
1 0.8174603174603174 0.7252747252747253 0.03296703296703297 0.047619047619047616
1 0.8131868131868132 0.7738095238095238 0.03418803418803419 0.04212454212454213
1 0.8064713064713065 0.8141025641025641 0.030525030525030524 0.045787545787545784
1 0.797924297924298 0.8672161172161172 0.03296703296703297 0.045787545787545784
1 0.3156288156288156 0.8434065934065934 0.03540903540903541 0.038461538461538464
1 0.15323565323565325 0.9304029304029304 0.030525030525030524 0.05128205128205128
1 0.16788766788766787 0.8507326007326007 0.040293040293040296 0.038461538461538464
1 0.1043956043956044 0.8296703296703297 0.042735042735042736 0.040293040293040296
1 0.20634920634920634 0.8836996336996337 0.02442002442002442 0.038461538461538464
1 0.4627594627594628 0.8489010989010989 0.03418803418803419 0.038461538461538464
1 0.5115995115995116 0.8626373626373627 0.0463980463980464 0.03296703296703297
1 0.891941391941392 0.7783882783882784 0.02564102564102564 0.040293040293040296
1 0.40964590964590963 0.18681318681318682 0.03540903540903541 0.04395604395604396
1 0.3363858363858364 0.597985347985348 0.03296703296703297 0.0347985347985348
0 0.7197802197802198 0.47985347985347987 0.057387057387057384 0.07692307692307693
0 0.6935286935286935 0.5906593406593407 0.0463980463980464 0.0641025641025641
0 0.6275946275946276 0.5741758241758241 0.0463980463980464 0.05311355311355311
0 0.6746031746031746 0.5311355311355311 0.03785103785103785 0.047619047619047616
0 0.7307692307692307 0.6712454212454212 0.03540903540903541 0.05311355311355311
0 0.6788766788766789 0.7783882783882784 0.04151404151404151 0.05860805860805861
0 0.7173382173382173 0.7783882783882784 0.03785103785103785 0.054945054945054944
0 0.6227106227106227 0.8177655677655677 0.05128205128205128 0.0641025641025641
0 0.6312576312576312 0.7554945054945055 0.04395604395604396 0.056776556776556776
0 0.6221001221001221 0.8745421245421245 0.03785103785103785 0.056776556776556776
0 0.8736263736263736 0.7106227106227107 0.047619047619047616 0.06227106227106227
0 0.8852258852258852 0.6510989010989011 0.04151404151404151 0.06043956043956044
0 0.8644688644688645 0.5924908424908425 0.03418803418803419 0.07142857142857142
0 0.9157509157509157 0.7307692307692307 0.04151404151404151 0.054945054945054944
0 0.9468864468864469 0.7417582417582418 0.03785103785103785 0.054945054945054944
0 0.945054945054945 0.6776556776556777 0.0463980463980464 0.06227106227106227
0 0.9835164835164835 0.6822344322344323 0.03296703296703297 0.05311355311355311
0 0.9481074481074481 0.6153846153846154 0.03785103785103785 0.054945054945054944
0 0.7551892551892552 0.30494505494505497 0.045177045177045176 0.06043956043956044
0 0.9224664224664225 0.32142857142857145 0.028083028083028084 0.06043956043956044
0 0.9096459096459096 0.43223443223443225 0.02442002442002442 0.04395604395604396
0 0.8998778998778999 0.49175824175824173 0.02442002442002442 0.04212454212454213
0 0.942002442002442 0.43772893772893773 0.030525030525030524 0.054945054945054944
0 0.9328449328449329 0.49725274725274726 0.026862026862026864 0.04212454212454213
0 0.9743589743589743 0.5082417582417582 0.019536019536019536 0.038461538461538464
0 0.9829059829059829 0.4551282051282051 0.031746031746031744 0.05311355311355311
0 0.9554334554334555 0.38553113553113555 0.0231990231990232 0.038461538461538464
0 0.9853479853479854 0.4010989010989011 0.029304029304029304 0.054945054945054944
0 0.9572649572649573 0.3241758241758242 0.031746031746031744 0.054945054945054944
0 0.989010989010989 0.3443223443223443 0.02197802197802198 0.05860805860805861
0 0.931013431013431 0.2619047619047619 0.03296703296703297 0.05128205128205128
0 0.9700854700854701 0.27472527472527475 0.03296703296703297 0.05128205128205128
0 0.9407814407814408 0.19963369963369965 0.030525030525030524 0.047619047619047616
0 0.9798534798534798 0.22252747252747251 0.03296703296703297 0.05311355311355311
0 0.9822954822954822 0.16025641025641027 0.030525030525030524 0.056776556776556776
0 0.7771672771672772 0.15018315018315018 0.028083028083028084 0.04395604395604396
0 0.9621489621489622 0.8708791208791209 0.04151404151404151 0.06776556776556776
