0 0.10317460317460317 0.4926739926739927 0.040293040293040296 0.06227106227106227
0 0.04884004884004884 0.8553113553113553 0.05128205128205128 0.06593406593406594
0 0.02197802197802198 0.7765567765567766 0.029304029304029304 0.047619047619047616
0 0.35836385836385837 0.5357142857142857 0.050061050061050064 0.07509157509157509
0 0.3547008547008547 0.6016483516483516 0.05982905982905983 0.07509157509157509
0 0.35714285714285715 0.7032967032967034 0.042735042735042736 0.05860805860805861
0 0.3614163614163614 0.8076923076923077 0.04395604395604396 0.06593406593406594
0 0.4725274725274725 0.7225274725274725 0.04884004884004884 0.07509157509157509
0 0.43162393162393164 0.5393772893772893 0.057387057387057384 0.07142857142857142
0 0.42918192918192916 0.3791208791208791 0.050061050061050064 0.06593406593406594
0 0.4645909645909646 0.38461538461538464 0.040293040293040296 0.06593406593406594
0 0.49572649572649574 0.36904761904761907 0.05128205128205128 0.07509157509157509
0 0.5439560439560439 0.3791208791208791 0.03296703296703297 0.05860805860805861
0 0.5012210012210012 0.4935897435897436 0.050061050061050064 0.0641025641025641
0 0.5415140415140415 0.5934065934065934 0.040293040293040296 0.06593406593406594
0 0.5830280830280831 0.6108058608058609 0.047619047619047616 0.0641025641025641
0 0.6141636141636142 0.5476190476190477 0.05372405372405373 0.06227106227106227
0 0.6196581196581197 0.4413919413919414 0.045177045177045176 0.06227106227106227
0 0.5769230769230769 0.4413919413919414 0.047619047619047616 0.0695970695970696
0 0.6043956043956044 0.37637362637362637 0.04884004884004884 0.05311355311355311
0 0.6935286935286935 0.4139194139194139 0.04884004884004884 0.0695970695970696
0 0.6892551892551892 0.4981684981684982 0.042735042735042736 0.05128205128205128
0 0.6947496947496947 0.597985347985348 0.05128205128205128 0.07509157509157509
0 0.5451770451770451 0.6602564102564102 0.042735042735042736 0.04945054945054945
0 0.5451770451770451 0.7023809523809523 0.057387057387057384 0.07142857142857142
0 0.6190476190476191 0.75 0.04884004884004884 0.07142857142857142
0 0.5488400488400489 0.8012820512820513 0.047619047619047616 0.06043956043956044
0 0.8620268620268621 0.413003663003663 0.05616605616605617 0.07509157509157509
0 0.8601953601953602 0.5457875457875457 0.057387057387057384 0.05128205128205128
0 0.8748473748473748 0.6007326007326007 0.047619047619047616 0.06227106227106227
0 0.5006105006105006 0.6053113553113553 0.04151404151404151 0.05311355311355311
0 0.8681318681318682 0.6666666666666666 0.0463980463980464 0.07326007326007326
0 0.9346764346764347 0.5833333333333334 0.05982905982905983 0.06776556776556776
0 0.9053724053724054 0.4816849816849817 0.045177045177045176 0.07326007326007326
0 0.9774114774114774 0.5274725274725275 0.045177045177045176 0.07326007326007326
0 0.974969474969475 0.4084249084249084 0.050061050061050064 0.0695970695970696
0 0.9474969474969475 0.6501831501831502 0.04151404151404151 0.06227106227106227
0 0.9456654456654456 0.7124542124542125 0.047619047619047616 0.0695970695970696
0 0.9816849816849816 0.6364468864468864 0.03663003663003663 0.06776556776556776
0 0.5989010989010989 0.037545787545787544 0.03540903540903541 0.04945054945054945
0 0.5989010989010989 0.10531135531135531 0.03296703296703297 0.045787545787545784
1 0.24847374847374848 0.9001831501831502 0.03540903540903541 0.045787545787545784
0 0.8345543345543346 0.9697802197802198 0.03785103785103785 0.04945054945054945
