1 0.11294261294261294 0.24358974358974358 0.03296703296703297 0.04395604395604396
1 0.11782661782661782 0.15476190476190477 0.030525030525030524 0.045787545787545784
1 0.06898656898656899 0.08058608058608059 0.030525030525030524 0.054945054945054944
1 0.0927960927960928 0.0695970695970696 0.029304029304029304 0.04395604395604396
1 0.03785103785103785 0.2673992673992674 0.031746031746031744 0.04395604395604396
1 0.05982905982905983 0.5302197802197802 0.03418803418803419 0.04212454212454213
1 0.014041514041514042 0.6053113553113553 0.02564102564102564 0.038461538461538464
0 0.3498168498168498 0.1684981684981685 0.047619047619047616 0.06227106227106227
0 0.3418803418803419 0.09340659340659341 0.04151404151404151 0.07692307692307693
0 0.41086691086691085 0.11904761904761904 0.03540903540903541 0.054945054945054944
0 0.37362637362637363 0.10256410256410256 0.03418803418803419 0.054945054945054944
0 0.21672771672771673 0.37545787545787546 0.057387057387057384 0.05860805860805861
0 0.043345543345543344 0.45787545787545786 0.042735042735042736 0.07326007326007326
0 0.05128205128205128 0.38186813186813184 0.04151404151404151 0.06043956043956044
0 0.08547008547008547 0.3553113553113553 0.03907203907203907 0.06227106227106227
0 0.16666666666666666 0.2326007326007326 0.052503052503052504 0.07326007326007326
0 0.2087912087912088 0.23901098901098902 0.0463980463980464 0.0641025641025641
0 0.16971916971916973 0.13736263736263737 0.04151404151404151 0.05128205128205128
0 0.17582417582417584 0.08882783882783883 0.04151404151404151 0.04945054945054945
0 0.25274725274725274 0.05402930402930403 0.03907203907203907 0.056776556776556776
0 0.22405372405372406 0.15934065934065933 0.03785103785103785 0.06593406593406594
0 0.1336996336996337 0.038461538461538464 0.042735042735042736 0.054945054945054944
0 0.19719169719169719 0.031135531135531136 0.045177045177045176 0.05860805860805861
0 0.4645909645909646 0.037545787545787544 0.042735042735042736 0.045787545787545784
0 0.20085470085470086 0.31776556776556775 0.03540903540903541 0.045787545787545784
