1 0.15323565323565325 0.15476190476190477 0.03540903540903541 0.05311355311355311
1 0.16971916971916973 0.020146520146520148 0.03418803418803419 0.03663003663003663
1 0.16422466422466422 0.07417582417582418 0.03785103785103785 0.045787545787545784
1 0.163003663003663 0.11263736263736264 0.030525030525030524 0.031135531135531136
1 0.16971916971916973 0.3086080586080586 0.03418803418803419 0.04945054945054945
1 0.2258852258852259 0.3901098901098901 0.029304029304029304 0.03663003663003663
1 0.22039072039072038 0.42216117216117216 0.03785103785103785 0.045787545787545784
1 0.1288156288156288 0.4010989010989011 0.030525030525030524 0.047619047619047616
1 0.12576312576312576 0.4652014652014652 0.03418803418803419 0.047619047619047616
1 0.09768009768009768 0.6968864468864469 0.029304029304029304 0.038461538461538464
1 0.1446886446886447 0.7344322344322345 0.03540903540903541 0.05128205128205128
1 0.09462759462759462 0.7564102564102564 0.03540903540903541 0.047619047619047616
1 0.2026862026862027 0.8891941391941391 0.03418803418803419 0.04945054945054945
1 0.19474969474969475 0.9761904761904762 0.03540903540903541 0.04395604395604396
1 0.0695970695970696 0.9642857142857143 0.03418803418803419 0.04945054945054945
1 0.6391941391941391 0.4734432234432234 0.030525030525030524 0.045787545787545784
1 0.6367521367521367 0.3250915750915751 0.03540903540903541 0.05311355311355311
1 0.703907203907204 0.3525641025641026 0.028083028083028084 0.038461538461538464
1 0.8589743589743589 0.2957875457875458 0.040293040293040296 0.06043956043956044
1 0.8693528693528694 0.24633699633699635 0.0463980463980464 0.05311355311355311
1 0.8693528693528694 0.19322344322344323 0.04395604395604396 0.04945054945054945
1 0.8754578754578755 0.1382783882783883 0.03907203907203907 0.04945054945054945
1 0.92002442002442 0.09340659340659341 0.03540903540903541 0.06227106227106227
1 0.974969474969475 0.2976190476190476 0.03540903540903541 0.056776556776556776
1 0.9151404151404151 0.7655677655677655 0.03540903540903541 0.054945054945054944
1 0.9139194139194139 0.8058608058608059 0.040293040293040296 0.04395604395604396
1 0.9102564102564102 0.8461538461538461 0.030525030525030524 0.047619047619047616
1 0.9084249084249084 0.8864468864468864 0.029304029304029304 0.054945054945054944
1 0.7905982905982906 0.8525641025641025 0.03785103785103785 0.06043956043956044
1 0.7875457875457875 0.9038461538461539 0.03418803418803419 0.04212454212454213
1 0.7808302808302808 0.9478021978021978 0.03540903540903541 0.04212454212454213
1 0.5769230769230769 0.9835164835164835 0.03296703296703297 0.03296703296703297
1 0.8565323565323565 0.048534798534798536 0.028083028083028084 0.045787545787545784
1 0.9853479853479854 0.23076923076923078 0.029304029304029304 0.054945054945054944
1 0.9597069597069597 0.10347985347985347 0.03418803418803419 0.04212454212454213
0 0.045177045177045176 0.4184981684981685 0.05128205128205128 0.07142857142857142
0 0.025030525030525032 0.5723443223443223 0.042735042735042736 0.06043956043956044
0 0.05982905982905983 0.5183150183150184 0.03907203907203907 0.054945054945054944
0 0.10012210012210013 0.5283882783882784 0.03418803418803419 0.05311355311355311
0 0.1575091575091575 0.5934065934065934 0.029304029304029304 0.047619047619047616
0 0.19597069597069597 0.6053113553113553 0.045177045177045176 0.056776556776556776
0 0.21062271062271062 0.6538461538461539 0.030525030525030524 0.05128205128205128
0 0.17399267399267399 0.6758241758241759 0.050061050061050064 0.05128205128205128
0 0.2686202686202686 0.5631868131868132 0.031746031746031744 0.05311355311355311
0 0.2979242979242979 0.5485347985347986 0.03663003663003663 0.045787545787545784
0 0.2905982905982906 0.6016483516483516 0.031746031746031744 0.038461538461538464
0 0.3443223443223443 0.7435897435897436 0.03663003663003663 0.05128205128205128
0 0.3547008547008547 0.6932234432234432 0.045177045177045176 0.05311355311355311
0 0.3595848595848596 0.6401098901098901 0.045177045177045176 0.0641025641025641
0 0.38278388278388276 0.5531135531135531 0.03785103785103785 0.05128205128205128
0 0.3974358974358974 0.49542124542124544 0.045177045177045176 0.07142857142857142
0 0.39316239316239315 0.43864468864468864 0.031746031746031744 0.05311355311355311
0 0.394993894993895 0.3946886446886447 0.03296703296703297 0.045787545787545784
0 0.4358974358974359 0.3507326007326007 0.0463980463980464 0.07142857142857142
0 0.4297924297924298 0.29853479853479853 0.03907203907203907 0.05860805860805861
0 0.46825396825396826 0.3498168498168498 0.03540903540903541 0.05860805860805861
0 0.5036630036630036 0.37362637362637363 0.047619047619047616 0.06593406593406594
0 0.4352869352869353 0.5091575091575091 0.030525030525030524 0.05860805860805861
0 0.4694749694749695 0.5045787545787546 0.047619047619047616 0.0641025641025641
0 0.4627594627594628 0.5641025641025641 0.04395604395604396 0.06593406593406594
0 0.5317460317460317 0.3443223443223443 0.040293040293040296 0.06593406593406594
0 0.5653235653235653 0.3489010989010989 0.03907203907203907 0.07142857142857142
0 0.5873015873015873 0.4157509157509158 0.03663003663003663 0.054945054945054944
0 0.5500610500610501 0.413003663003663 0.040293040293040296 0.0641025641025641
0 0.5463980463980463 0.4661172161172161 0.040293040293040296 0.0641025641025641
0 0.5824175824175825 0.47619047619047616 0.031746031746031744 0.05128205128205128
0 0.8321123321123322 0.6483516483516484 0.050061050061050064 0.07326007326007326
