0 0.6715506715506715 0.7948717948717948 0.05128205128205128 0.06227106227106227
0 0.688034188034188 0.6575091575091575 0.047619047619047616 0.06593406593406594
0 0.6837606837606838 0.5787545787545788 0.05128205128205128 0.05860805860805861
0 0.6971916971916972 0.5283882783882784 0.04884004884004884 0.04945054945054945
0 0.721001221001221 0.575091575091575 0.045177045177045176 0.05128205128205128
0 0.7136752136752137 0.641941391941392 0.03785103785103785 0.06043956043956044
0 0.9682539682539683 0.3543956043956044 0.029304029304029304 0.05311355311355311
0 0.22283272283272285 0.1978021978021978 0.045177045177045176 0.06593406593406594
0 0.026251526251526252 0.07417582417582418 0.050061050061050064 0.06043956043956044
0 0.08241758241758242 0.06043956043956044 0.03785103785103785 0.05860805860805861
0 0.12393162393162394 0.0347985347985348 0.030525030525030524 0.05128205128205128
0 0.16361416361416362 0.03663003663003663 0.03907203907203907 0.06227106227106227
0 0.22344322344322345 0.037545787545787544 0.04395604395604396 0.07142857142857142
0 0.27411477411477414 0.06501831501831502 0.03785103785103785 0.07875457875457875
0 0.21672771672771673 0.10622710622710622 0.03785103785103785 0.06593406593406594
0 0.13186813186813187 0.1336996336996337 0.04884004884004884 0.06593406593406594
0 0.18803418803418803 0.1382783882783883 0.03907203907203907 0.04945054945054945
0 0.2625152625152625 0.14560439560439561 0.031746031746031744 0.04945054945054945
0 0.29365079365079366 0.17399267399267399 0.045177045177045176 0.047619047619047616
0 0.32722832722832723 0.2042124542124542 0.029304029304029304 0.06043956043956044
0 0.5952380952380952 0.07875457875457875 0.040293040293040296 0.06227106227106227
0 0.5433455433455433 0.05036630036630037 0.03907203907203907 0.056776556776556776
0 0.6752136752136753 0.8727106227106227 0.04151404151404151 0.056776556776556776
