0 0.7869352869352869 0.18864468864468864 0.040293040293040296 0.06227106227106227
0 0.7423687423687424 0.18772893772893773 0.026862026862026864 0.04945054945054945
0 0.9438339438339438 0.07051282051282051 0.04884004884004884 0.06776556776556776
0 0.9126984126984127 0.2206959706959707 0.03785103785103785 0.0641025641025641
0 0.9597069597069597 0.3305860805860806 0.04395604395604396 0.06776556776556776
0 0.9658119658119658 0.39377289377289376 0.04884004884004884 0.06227106227106227
0 0.9548229548229549 0.45146520146520147 0.04884004884004884 0.06776556776556776
0 0.9768009768009768 0.17399267399267399 0.04151404151404151 0.06593406593406594
0 0.7905982905982906 0.2554945054945055 0.030525030525030524 0.05311355311355311
0 0.847985347985348 0.2774725274725275 0.03785103785103785 0.05311355311355311
0 0.6923076923076923 0.5952380952380952 0.03418803418803419 0.05128205128205128
0 0.6978021978021978 0.6602564102564102 0.030525030525030524 0.04212454212454213
0 0.778998778998779 0.7060439560439561 0.04151404151404151 0.056776556776556776
0 0.7747252747252747 0.6016483516483516 0.03296703296703297 0.0641025641025641
0 0.818070818070818 0.652014652014652 0.03418803418803419 0.05860805860805861
0 0.8577533577533577 0.7051282051282052 0.030525030525030524 0.05128205128205128
0 0.8534798534798534 0.6483516483516484 0.031746031746031744 0.04395604395604396
0 0.851037851037851 0.5961538461538461 0.03418803418803419 0.04945054945054945
0 0.8638583638583639 0.8223443223443223 0.047619047619047616 0.06593406593406594
0 0.7832722832722833 0.8241758241758241 0.030525030525030524 0.047619047619047616
0 0.7844932844932845 0.7673992673992674 0.03785103785103785 0.03663003663003663
0 0.8614163614163615 0.88003663003663 0.03785103785103785 0.056776556776556776
0 0.7087912087912088 0.8846153846153846 0.028083028083028084 0.04395604395604396
1 0.9755799755799756 0.6428571428571429 0.03418803418803419 0.047619047619047616
1 0.9487179487179487 0.7014652014652014 0.026862026862026864 0.047619047619047616
1 0.9505494505494505 0.7738095238095238 0.030525030525030524 0.038461538461538464
1 0.9548229548229549 0.8598901098901099 0.03418803418803419 0.045787545787545784
1 0.9792429792429792 0.7042124542124543 0.031746031746031744 0.04945054945054945
0 0.8980463980463981 0.9304029304029304 0.03296703296703297 0.05128205128205128
0 0.8992673992673993 0.8745421245421245 0.03540903540903541 0.045787545787545784
