1 0.2863247863247863 0.7152014652014652 0.03785103785103785 0.045787545787545784
1 0.3418803418803419 0.7225274725274725 0.02442002442002442 0.038461538461538464
1 0.32234432234432236 0.7472527472527473 0.026862026862026864 0.047619047619047616
1 0.3705738705738706 0.663003663003663 0.028083028083028084 0.04395604395604396
1 0.3986568986568987 0.6071428571428571 0.03785103785103785 0.04945054945054945
1 0.2594627594627595 0.46703296703296704 0.045177045177045176 0.05860805860805861
1 0.18681318681318682 0.3983516483516483 0.03663003663003663 0.04212454212454213
1 0.2087912087912088 0.19322344322344323 0.04151404151404151 0.05311355311355311
1 0.19597069597069597 0.13553113553113552 0.03296703296703297 0.029304029304029304
1 0.13736263736263737 0.10897435897435898 0.040293040293040296 0.05311355311355311
1 0.11660561660561661 0.16025641025641027 0.045177045177045176 0.05311355311355311
1 0.10927960927960928 0.19047619047619047 0.047619047619047616 0.03663003663003663
1 0.06898656898656899 0.2097069597069597 0.02564102564102564 0.038461538461538464
1 0.09035409035409035 0.23992673992673993 0.029304029304029304 0.03663003663003663
1 0.03968253968253968 0.2683150183150183 0.03785103785103785 0.04945054945054945
1 0.04456654456654457 0.35714285714285715 0.03296703296703297 0.047619047619047616
1 0.038461538461538464 0.1813186813186813 0.030525030525030524 0.03663003663003663
1 0.0463980463980464 0.09523809523809523 0.03418803418803419 0.040293040293040296
1 0.06471306471306472 0.1346153846153846 0.03663003663003663 0.038461538461538464
1 0.31074481074481075 0.29395604395604397 0.018315018315018316 0.0347985347985348
1 0.3302808302808303 0.3131868131868132 0.0231990231990232 0.04395604395604396
1 0.36324786324786323 0.33882783882783885 0.03296703296703297 0.040293040293040296
1 0.42796092796092794 0.4001831501831502 0.047619047619047616 0.07142857142857142
1 0.47557997557997556 0.36446886446886445 0.03296703296703297 0.054945054945054944
1 0.4645909645909646 0.43315018315018317 0.03296703296703297 0.0347985347985348
1 0.463980463980464 0.5027472527472527 0.03663003663003663 0.04945054945054945
1 0.44505494505494503 0.5485347985347986 0.045177045177045176 0.05311355311355311
1 0.5506715506715507 0.34706959706959706 0.02442002442002442 0.038461538461538464
1 0.6068376068376068 0.391025641025641 0.05128205128205128 0.06043956043956044
1 0.626984126984127 0.4633699633699634 0.040293040293040296 0.07692307692307693
1 0.6404151404151404 0.5686813186813187 0.0231990231990232 0.0347985347985348
1 0.6538461538461539 0.6446886446886447 0.030525030525030524 0.040293040293040296
1 0.6794871794871795 0.739010989010989 0.02564102564102564 0.045787545787545784
1 0.6886446886446886 0.8434065934065934 0.03663003663003663 0.056776556776556776
1 0.3998778998778999 0.9184981684981685 0.03785103785103785 0.05311355311355311
1 0.6947496947496947 0.2957875457875458 0.05128205128205128 0.056776556776556776
1 0.7112332112332113 0.4441391941391941 0.03540903540903541 0.056776556776556776
1 0.7808302808302808 0.40384615384615385 0.050061050061050064 0.04945054945054945
1 0.7606837606837606 0.47802197802197804 0.04151404151404151 0.047619047619047616
1 0.8528693528693528 0.33882783882783885 0.040293040293040296 0.08424908424908426
1 0.9566544566544567 0.5439560439560439 0.03540903540903541 0.054945054945054944
1 0.9682539682539683 0.4908424908424908 0.04151404151404151 0.05128205128205128
1 0.9401709401709402 0.49725274725274726 0.031746031746031744 0.04945054945054945
1 0.9645909645909646 0.43772893772893773 0.03663003663003663 0.05860805860805861
1 0.9847374847374848 0.8855311355311355 0.02564102564102564 0.04212454212454213
1 0.945054945054945 0.9212454212454212 0.026862026862026864 0.040293040293040296
1 0.9145299145299145 0.9459706959706959 0.02197802197802198 0.04945054945054945
1 0.7197802197802198 0.8745421245421245 0.03540903540903541 0.05311355311355311
1 0.5665445665445665 0.019230769230769232 0.031746031746031744 0.0347985347985348
1 0.4297924297924298 0.9331501831501832 0.029304029304029304 0.04212454212454213
