1 0.36996336996337 0.31959706959706957 0.03418803418803419 0.045787545787545784
1 0.38278388278388276 0.26373626373626374 0.0231990231990232 0.03663003663003663
1 0.3302808302808303 0.06135531135531135 0.030525030525030524 0.04212454212454213
1 0.33455433455433453 0.027472527472527472 0.026862026862026864 0.03663003663003663
1 0.33821733821733824 0.1987179487179487 0.031746031746031744 0.0347985347985348
1 0.4053724053724054 0.326007326007326 0.026862026862026864 0.047619047619047616
1 0.44017094017094016 0.3250915750915751 0.042735042735042736 0.04945054945054945
1 0.48473748473748474 0.3241758241758242 0.03907203907203907 0.040293040293040296
1 0.6056166056166056 0.3241758241758242 0.02197802197802198 0.040293040293040296
1 0.6391941391941391 0.3305860805860806 0.03296703296703297 0.05311355311355311
1 0.5048840048840049 0.05952380952380952 0.030525030525030524 0.038461538461538464
1 0.5048840048840049 0.1163003663003663 0.028083028083028084 0.038461538461538464
1 0.5048840048840049 0.2087912087912088 0.030525030525030524 0.040293040293040296
1 0.8846153846153846 0.782051282051282 0.030525030525030524 0.040293040293040296
1 0.8974358974358975 0.8644688644688645 0.026862026862026864 0.03663003663003663
0 0.6404151404151404 0.1565934065934066 0.040293040293040296 0.05311355311355311
0 0.6404151404151404 0.10164835164835165 0.03540903540903541 0.04945054945054945
0 0.6666666666666666 0.07967032967032966 0.04151404151404151 0.06776556776556776
0 0.6776556776556777 0.022893772893772892 0.04395604395604396 0.04212454212454213
0 0.7142857142857143 0.2600732600732601 0.04884004884004884 0.05860805860805861
0 0.800976800976801 0.15842490842490842 0.0463980463980464 0.0641025641025641
0 0.7967032967032966 0.21428571428571427 0.042735042735042736 0.05860805860805861
0 0.7851037851037851 0.2591575091575092 0.04395604395604396 0.056776556776556776
0 0.775946275946276 0.3131868131868132 0.045177045177045176 0.05860805860805861
0 0.6794871794871795 0.6346153846153846 0.045177045177045176 0.07509157509157509
0 0.7710622710622711 0.7326007326007326 0.054945054945054944 0.06593406593406594
0 0.9664224664224664 0.4184981684981685 0.03785103785103785 0.05311355311355311
1 0.8241758241758241 0.04487179487179487 0.031746031746031744 0.04212454212454213
