1 0.6098901098901099 0.4432234432234432 0.03296703296703297 0.04395604395604396
1 0.6355311355311355 0.4661172161172161 0.030525030525030524 0.04945054945054945
1 0.2698412698412698 0.31684981684981683 0.03418803418803419 0.040293040293040296
1 0.28083028083028083 0.2793040293040293 0.029304029304029304 0.038461538461538464
1 0.362026862026862 0.09706959706959707 0.03540903540903541 0.04395604395604396
1 0.3431013431013431 0.13736263736263737 0.04151404151404151 0.05128205128205128
1 0.32967032967032966 0.16483516483516483 0.04395604395604396 0.05128205128205128
1 0.31868131868131866 0.19230769230769232 0.03663003663003663 0.04395604395604396
1 0.3089133089133089 0.22435897435897437 0.03663003663003663 0.04945054945054945
1 0.44932844932844934 0.23717948717948717 0.031746031746031744 0.04945054945054945
1 0.4719169719169719 0.21886446886446886 0.03296703296703297 0.06776556776556776
1 0.07081807081807082 0.6254578754578755 0.03907203907203907 0.045787545787545784
1 0.057387057387057384 0.6510989010989011 0.03418803418803419 0.038461538461538464
1 0.033577533577533576 0.7206959706959707 0.03540903540903541 0.04212454212454213
1 0.018315018315018316 0.7417582417582418 0.026862026862026864 0.04395604395604396
1 0.30036630036630035 0.8635531135531136 0.04151404151404151 0.05311355311355311
1 0.3058608058608059 0.9551282051282052 0.03296703296703297 0.05311355311355311
1 0.5671550671550671 0.9734432234432234 0.03785103785103785 0.045787545787545784
1 0.9212454212454212 0.6602564102564102 0.03540903540903541 0.056776556776556776
1 0.931013431013431 0.9413919413919414 0.030525030525030524 0.047619047619047616
1 0.8663003663003663 0.031135531135531136 0.0231990231990232 0.040293040293040296
1 0.38400488400488403 0.03021978021978022 0.03540903540903541 0.04945054945054945
