1 0.3974358974358974 0.5357142857142857 0.02564102564102564 0.038461538461538464
1 0.45604395604395603 0.51007326007326 0.030525030525030524 0.04212454212454213
1 0.4126984126984127 0.6025641025641025 0.029304029304029304 0.05128205128205128
1 0.5286935286935287 0.717032967032967 0.03418803418803419 0.04945054945054945
1 0.5280830280830281 0.7536630036630036 0.02564102564102564 0.031135531135531136
1 0.48534798534798534 0.8076923076923077 0.028083028083028084 0.03296703296703297
1 0.40231990231990233 0.6584249084249084 0.03540903540903541 0.0347985347985348
1 0.3156288156288156 0.8690476190476191 0.0231990231990232 0.0347985347985348
1 0.29365079365079366 0.9267399267399268 0.028083028083028084 0.040293040293040296
1 0.28144078144078144 0.967948717948718 0.030525030525030524 0.038461538461538464
1 0.36568986568986567 0.7408424908424909 0.030525030525030524 0.0347985347985348
1 0.3547008547008547 0.7847985347985348 0.03296703296703297 0.045787545787545784
1 0.4590964590964591 0.8406593406593407 0.02442002442002442 0.03296703296703297
1 0.557997557997558 0.8406593406593407 0.029304029304029304 0.040293040293040296
1 0.532967032967033 0.9743589743589743 0.03296703296703297 0.05128205128205128
1 0.6916971916971917 0.7948717948717948 0.028083028083028084 0.040293040293040296
1 0.7655677655677655 0.6794871794871795 0.03418803418803419 0.04395604395604396
1 0.8321123321123322 0.8223443223443223 0.030525030525030524 0.040293040293040296
1 0.6245421245421245 0.9532967032967034 0.028083028083028084 0.04212454212454213
1 0.16483516483516483 0.6694139194139194 0.029304029304029304 0.038461538461538464
