1 0.23565323565323565 0.3772893772893773 0.031746031746031744 0.04395604395604396
1 0.3162393162393162 0.2087912087912088 0.03663003663003663 0.05128205128205128
1 0.32722832722832723 0.3415750915750916 0.029304029304029304 0.04212454212454213
1 0.32783882783882784 0.423992673992674 0.030525030525030524 0.04945054945054945
1 0.3327228327228327 0.4835164835164835 0.030525030525030524 0.040293040293040296
1 0.04212454212454213 0.0641025641025641 0.030525030525030524 0.04395604395604396
1 0.08913308913308914 0.18406593406593408 0.03418803418803419 0.045787545787545784
1 0.47374847374847373 0.09706959706959707 0.02197802197802198 0.04395604395604396
1 0.48473748473748474 0.8086080586080586 0.04151404151404151 0.04945054945054945
1 0.4908424908424908 0.956959706959707 0.029304029304029304 0.045787545787545784
1 0.5494505494505495 0.804945054945055 0.0463980463980464 0.05311355311355311
1 0.15567765567765568 0.8644688644688645 0.02564102564102564 0.03663003663003663
0 0.16910866910866912 0.07509157509157509 0.047619047619047616 0.06227106227106227
0 0.16788766788766787 0.6163003663003663 0.040293040293040296 0.05311355311355311
0 0.2515262515262515 0.5586080586080586 0.04395604395604396 0.05860805860805861
0 0.12576312576312576 0.7472527472527473 0.03663003663003663 0.047619047619047616
0 0.17094017094017094 0.7023809523809523 0.04151404151404151 0.07142857142857142
0 0.47619047619047616 0.6236263736263736 0.05128205128205128 0.07509157509157509
0 0.5097680097680097 0.47435897435897434 0.045177045177045176 0.06227106227106227
0 0.3711843711843712 0.510989010989011 0.05616605616605617 0.06227106227106227
0 0.2448107448107448 0.7344322344322345 0.045177045177045176 0.047619047619047616
0 0.6532356532356532 0.5439560439560439 0.03663003663003663 0.054945054945054944
0 0.6233211233211233 0.5998168498168498 0.040293040293040296 0.0641025641025641
0 0.7008547008547008 0.47710622710622713 0.05372405372405373 0.0641025641025641
0 0.5824175824175825 0.9157509157509157 0.04884004884004884 0.06227106227106227
0 0.663003663003663 0.9120879120879121 0.05128205128205128 0.07692307692307693
0 0.7667887667887668 0.9065934065934066 0.04395604395604396 0.06593406593406594
0 0.6465201465201466 0.8141025641025641 0.03296703296703297 0.045787545787545784
0 0.43345543345543347 0.8031135531135531 0.0463980463980464 0.06776556776556776
0 0.42735042735042733 0.8644688644688645 0.0463980463980464 0.06227106227106227
0 0.42063492063492064 0.9120879120879121 0.047619047619047616 0.05128205128205128
0 0.21794871794871795 0.2619047619047619 0.03296703296703297 0.054945054945054944
0 0.09096459096459096 0.026556776556776556 0.03785103785103785 0.04945054945054945
