0 0.33882783882783885 0.6410256410256411 0.045177045177045176 0.06227106227106227
0 0.3956043956043956 0.5732600732600732 0.04395604395604396 0.06593406593406594
0 0.42857142857142855 0.5137362637362637 0.03663003663003663 0.05311355311355311
0 0.48595848595848595 0.5082417582417582 0.03418803418803419 0.056776556776556776
0 0.5134310134310134 0.4423076923076923 0.03785103785103785 0.04945054945054945
0 0.514041514041514 0.3946886446886447 0.03663003663003663 0.05311355311355311
0 0.518925518925519 0.5375457875457875 0.0463980463980464 0.06776556776556776
0 0.3333333333333333 0.2948717948717949 0.04151404151404151 0.054945054945054944
0 0.3705738705738706 0.26373626373626374 0.042735042735042736 0.05128205128205128
0 0.32234432234432236 0.23351648351648352 0.03663003663003663 0.05311355311355311
0 0.3144078144078144 0.1749084249084249 0.052503052503052504 0.0641025641025641
0 0.33760683760683763 0.12362637362637363 0.047619047619047616 0.06043956043956044
0 0.394993894993895 0.184981684981685 0.054945054945054944 0.054945054945054944
0 0.3882783882783883 0.13553113553113552 0.0463980463980464 0.054945054945054944
0 0.32844932844932845 0.046703296703296704 0.0463980463980464 0.0641025641025641
0 0.2612942612942613 0.1346153846153846 0.04395604395604396 0.07142857142857142
0 0.19963369963369965 0.19688644688644688 0.047619047619047616 0.06043956043956044
0 0.6074481074481074 0.3626373626373626 0.045177045177045176 0.06593406593406594
0 0.6111111111111112 0.413003663003663 0.040293040293040296 0.06043956043956044
0 0.5671550671550671 0.47985347985347987 0.03296703296703297 0.047619047619047616
0 0.6556776556776557 0.46794871794871795 0.05372405372405373 0.07142857142857142
0 0.7014652014652014 0.3992673992673993 0.054945054945054944 0.07326007326007326
0 0.6898656898656899 0.33516483516483514 0.03663003663003663 0.047619047619047616
0 0.8290598290598291 0.41208791208791207 0.04395604395604396 0.06593406593406594
0 0.9169719169719169 0.40201465201465203 0.04884004884004884 0.0641025641025641
0 0.9462759462759462 0.3250915750915751 0.04395604395604396 0.056776556776556776
0 0.9548229548229549 0.45604395604395603 0.04395604395604396 0.047619047619047616
0 0.9072039072039072 0.4908424908424908 0.04395604395604396 0.0695970695970696
0 0.8907203907203908 0.5860805860805861 0.042735042735042736 0.047619047619047616
0 0.775946275946276 0.6684981684981685 0.045177045177045176 0.07692307692307693
1 0.38217338217338215 0.9203296703296703 0.031746031746031744 0.04212454212454213
1 0.5366300366300366 0.8534798534798534 0.040293040293040296 0.054945054945054944
1 0.48656898656898656 0.8516483516483516 0.028083028083028084 0.04395604395604396
1 0.4597069597069597 0.9212454212454212 0.03296703296703297 0.040293040293040296
1 0.6153846153846154 0.9184981684981685 0.03663003663003663 0.06776556776556776
1 0.7063492063492064 0.7646520146520146 0.03296703296703297 0.038461538461538464
1 0.7368742368742369 0.7426739926739927 0.03540903540903541 0.05311355311355311
1 0.7753357753357754 0.728021978021978 0.05128205128205128 0.04945054945054945
1 0.7997557997557998 0.3525641025641026 0.03663003663003663 0.045787545787545784
1 0.8418803418803419 0.3315018315018315 0.040293040293040296 0.05128205128205128
1 0.8742368742368742 0.304029304029304 0.03418803418803419 0.04395604395604396
1 0.9169719169719169 0.2793040293040293 0.03663003663003663 0.04212454212454213
1 0.9578754578754579 0.2600732600732601 0.03785103785103785 0.04395604395604396
1 0.6923076923076923 0.1620879120879121 0.029304029304029304 0.038461538461538464
1 0.7063492063492064 0.21153846153846154 0.03785103785103785 0.045787545787545784
1 0.717948717948718 0.2554945054945055 0.031746031746031744 0.045787545787545784
1 0.7252747252747253 0.31227106227106227 0.04395604395604396 0.045787545787545784
1 0.7405372405372406 0.3543956043956044 0.02564102564102564 0.038461538461538464
1 0.7643467643467643 0.532967032967033 0.029304029304029304 0.04395604395604396
1 0.8614163614163615 0.6437728937728938 0.03785103785103785 0.045787545787545784
1 0.8186813186813187 0.5906593406593407 0.03540903540903541 0.05311355311355311
1 0.8229548229548229 0.5384615384615384 0.03663003663003663 0.05128205128205128
1 0.7967032967032966 0.5018315018315018 0.03540903540903541 0.04395604395604396
1 0.31929181929181927 0.7225274725274725 0.030525030525030524 0.045787545787545784
1 0.3321123321123321 0.8598901098901099 0.03907203907203907 0.045787545787545784
1 0.3089133089133089 0.7692307692307693 0.03663003663003663 0.047619047619047616
1 0.2893772893772894 0.6877289377289377 0.03663003663003663 0.04212454212454213
1 0.27289377289377287 0.5824175824175825 0.03785103785103785 0.05128205128205128
1 0.757020757020757 0.8956043956043956 0.02442002442002442 0.04395604395604396
1 0.8595848595848596 0.8864468864468864 0.03418803418803419 0.054945054945054944
1 0.8791208791208791 0.9377289377289377 0.026862026862026864 0.047619047619047616
1 0.967032967032967 0.8690476190476191 0.03418803418803419 0.045787545787545784
1 0.6568986568986569 0.03388278388278388 0.026862026862026864 0.0347985347985348
0 0.5097680097680097 0.717032967032967 0.052503052503052504 0.06776556776556776
