0 0.5781440781440782 0.2271062271062271 0.057387057387057384 0.06227106227106227
0 0.5634920634920635 0.34523809523809523 0.045177045177045176 0.0641025641025641
0 0.5409035409035409 0.2692307692307692 0.05128205128205128 0.0695970695970696
0 0.645909645909646 0.39285714285714285 0.04884004884004884 0.07509157509157509
0 0.6959706959706959 0.39285714285714285 0.05372405372405373 0.07509157509157509
0 0.23321123321123322 0.326007326007326 0.05128205128205128 0.07692307692307693
0 0.22954822954822954 0.4542124542124542 0.04884004884004884 0.06227106227106227
0 0.22344322344322345 0.6053113553113553 0.05128205128205128 0.0641025641025641
0 0.21001221001221002 0.6602564102564102 0.05128205128205128 0.06043956043956044
0 0.26312576312576313 0.6877289377289377 0.054945054945054944 0.07509157509157509
0 0.7081807081807082 0.5668498168498168 0.04884004884004884 0.09340659340659341
0 0.8223443223443223 0.6108058608058609 0.057387057387057384 0.08608058608058608
0 0.7484737484737485 0.5494505494505495 0.04884004884004884 0.07692307692307693
0 0.7503052503052503 0.6602564102564102 0.057387057387057384 0.07509157509157509
0 0.7496947496947497 0.7838827838827839 0.05860805860805861 0.08424908424908426
0 0.10256410256410256 0.7362637362637363 0.06105006105006105 0.08058608058608059
0 0.10744810744810745 0.6620879120879121 0.05372405372405373 0.07142857142857142
0 0.8913308913308914 0.5989010989010989 0.06105006105006105 0.08791208791208792
