0 0.8363858363858364 0.5558608058608059 0.05128205128205128 0.07142857142857142
0 0.8943833943833944 0.5540293040293041 0.054945054945054944 0.07142857142857142
0 0.9499389499389499 0.32875457875457875 0.04395604395604396 0.0641025641025641
0 0.9847374847374848 0.43131868131868134 0.030525030525030524 0.056776556776556776
0 0.8681318681318682 0.48534798534798534 0.04151404151404151 0.054945054945054944
0 0.7075702075702076 0.4010989010989011 0.040293040293040296 0.05860805860805861
0 0.7967032967032966 0.2774725274725275 0.040293040293040296 0.056776556776556776
0 0.45787545787545786 0.23717948717948717 0.04884004884004884 0.07509157509157509
0 0.7484737484737485 0.2902930402930403 0.03907203907203907 0.06776556776556776
0 0.6794871794871795 0.31227106227106227 0.050061050061050064 0.04945054945054945
