0 0.2264957264957265 0.597985347985348 0.03296703296703297 0.04945054945054945
0 0.2905982905982906 0.5338827838827839 0.04151404151404151 0.056776556776556776
0 0.3498168498168498 0.489010989010989 0.042735042735042736 0.054945054945054944
0 0.3516483516483517 0.5695970695970696 0.03907203907203907 0.054945054945054944
0 0.3882783882783883 0.5732600732600732 0.03907203907203907 0.05128205128205128
0 0.42857142857142855 0.597985347985348 0.031746031746031744 0.04212454212454213
0 0.442002442002442 0.6620879120879121 0.03663003663003663 0.05311355311355311
0 0.49633699633699635 0.4267399267399267 0.040293040293040296 0.06227106227106227
0 0.8565323565323565 0.2957875457875458 0.03785103785103785 0.045787545787545784
1 0.6593406593406593 0.15018315018315018 0.03418803418803419 0.047619047619047616
1 0.7130647130647131 0.08241758241758242 0.029304029304029304 0.047619047619047616
1 0.21916971916971917 0.75 0.03785103785103785 0.045787545787545784
1 0.25457875457875456 0.8608058608058609 0.030525030525030524 0.04395604395604396
1 0.27594627594627597 0.9221611721611722 0.026862026862026864 0.038461538461538464
1 0.28144078144078144 0.7921245421245421 0.030525030525030524 0.04212454212454213
1 0.29853479853479853 0.8296703296703297 0.028083028083028084 0.03663003663003663
1 0.31135531135531136 0.9148351648351648 0.026862026862026864 0.04212454212454213
1 0.3241758241758242 0.9111721611721612 0.02564102564102564 0.038461538461538464
1 0.33943833943833945 0.9661172161172161 0.026862026862026864 0.038461538461538464
1 0.8547008547008547 0.804945054945055 0.031746031746031744 0.045787545787545784
1 0.9285714285714286 0.6712454212454212 0.03540903540903541 0.045787545787545784
1 0.8070818070818071 0.7124542124542125 0.02442002442002442 0.03663003663003663
1 0.73992673992674 0.7710622710622711 0.03907203907203907 0.047619047619047616
1 0.6654456654456654 0.41483516483516486 0.031746031746031744 0.04212454212454213
1 0.7045177045177046 0.36996336996337 0.026862026862026864 0.05128205128205128
0 0.7631257631257631 0.3434065934065934 0.031746031746031744 0.045787545787545784
0 0.8632478632478633 0.5641025641025641 0.03418803418803419 0.047619047619047616
0 0.9096459096459096 0.9056776556776557 0.0463980463980464 0.0641025641025641
0 0.9774114774114774 0.804945054945055 0.045177045177045176 0.06776556776556776
0 0.9328449328449329 0.9624542124542125 0.04884004884004884 0.06043956043956044
0 0.9658119658119658 0.9404761904761905 0.04395604395604396 0.06043956043956044
