1 0.6385836385836385 0.28296703296703296 0.03907203907203907 0.05311355311355311
1 0.6587301587301587 0.32051282051282054 0.040293040293040296 0.03663003663003663
1 0.7112332112332113 0.39194139194139194 0.0231990231990232 0.03296703296703297
1 0.6843711843711844 0.5228937728937729 0.030525030525030524 0.0347985347985348
1 0.8772893772893773 0.21336996336996336 0.028083028083028084 0.04945054945054945
1 0.9285714285714286 0.28296703296703296 0.030525030525030524 0.04945054945054945
1 0.9560439560439561 0.29212454212454214 0.029304029304029304 0.04945054945054945
1 0.9676434676434676 0.5576923076923077 0.030525030525030524 0.04212454212454213
1 0.942002442002442 0.6089743589743589 0.030525030525030524 0.04212454212454213
1 0.8516483516483516 0.771978021978022 0.02564102564102564 0.038461538461538464
1 0.833943833943834 0.8342490842490843 0.031746031746031744 0.038461538461538464
1 0.8980463980463981 0.8012820512820513 0.03296703296703297 0.045787545787545784
1 0.9407814407814408 0.8717948717948718 0.03785103785103785 0.040293040293040296
1 0.9713064713064713 0.9084249084249084 0.03785103785103785 0.047619047619047616
1 0.5744810744810744 0.8186813186813187 0.03785103785103785 0.05128205128205128
1 0.7173382173382173 0.7912087912087912 0.045177045177045176 0.054945054945054944
1 0.6935286935286935 0.7042124542124543 0.03418803418803419 0.06776556776556776
1 0.645909645909646 0.6703296703296703 0.02442002442002442 0.03296703296703297
1 0.5378510378510378 0.6602564102564102 0.03540903540903541 0.045787545787545784
1 0.5183150183150184 0.6987179487179487 0.03540903540903541 0.05311355311355311
1 0.5421245421245421 0.7536630036630036 0.03663003663003663 0.045787545787545784
1 0.612942612942613 0.7188644688644689 0.029304029304029304 0.04945054945054945
1 0.43162393162393164 0.76007326007326 0.02564102564102564 0.047619047619047616
1 0.4621489621489622 0.815018315018315 0.042735042735042736 0.05128205128205128
1 0.4597069597069597 0.7756410256410257 0.03296703296703297 0.045787545787545784
1 0.0995115995115995 0.8131868131868132 0.030525030525030524 0.047619047619047616
1 0.08608058608058608 0.7042124542124543 0.03785103785103785 0.04212454212454213
1 0.14407814407814407 0.8608058608058609 0.04151404151404151 0.04395604395604396
1 0.25824175824175827 0.9075091575091575 0.03540903540903541 0.045787545787545784
1 0.11721611721611722 0.9157509157509157 0.031746031746031744 0.05860805860805861
1 0.37423687423687424 0.5815018315018315 0.03540903540903541 0.05311355311355311
1 0.3492063492063492 0.510989010989011 0.026862026862026864 0.047619047619047616
1 0.2490842490842491 0.45787545787545786 0.02442002442002442 0.03296703296703297
1 0.2783882783882784 0.47527472527472525 0.026862026862026864 0.045787545787545784
1 0.10317460317460317 0.5815018315018315 0.040293040293040296 0.06043956043956044
1 0.03540903540903541 0.6492673992673993 0.04395604395604396 0.05311355311355311
1 0.03296703296703297 0.5357142857142857 0.04151404151404151 0.07142857142857142
1 0.24053724053724054 0.3983516483516483 0.031746031746031744 0.05311355311355311
1 0.2692307692307692 0.3946886446886447 0.030525030525030524 0.05311355311355311
1 0.32051282051282054 0.36813186813186816 0.02564102564102564 0.03663003663003663
1 0.326007326007326 0.41025641025641024 0.029304029304029304 0.05128205128205128
1 0.3876678876678877 0.45695970695970695 0.042735042735042736 0.0641025641025641
1 0.2869352869352869 0.336996336996337 0.03418803418803419 0.040293040293040296
1 0.3144078144078144 0.3021978021978022 0.02564102564102564 0.040293040293040296
1 0.3418803418803419 0.27106227106227104 0.03418803418803419 0.04395604395604396
1 0.36507936507936506 0.23351648351648352 0.026862026862026864 0.038461538461538464
1 0.2905982905982906 0.12912087912087913 0.031746031746031744 0.04212454212454213
1 0.23870573870573872 0.08699633699633699 0.047619047619047616 0.04212454212454213
1 0.2698412698412698 0.06043956043956044 0.029304029304029304 0.03296703296703297
1 0.3522588522588523 0.0641025641025641 0.042735042735042736 0.05128205128205128
1 0.35714285714285715 0.1684981684981685 0.040293040293040296 0.05860805860805861
1 0.39316239316239315 0.08882783882783883 0.029304029304029304 0.0347985347985348
1 0.4133089133089133 0.03021978021978022 0.030525030525030524 0.04945054945054945
1 0.4816849816849817 0.0989010989010989 0.03540903540903541 0.04395604395604396
1 0.45115995115995117 0.1391941391941392 0.03296703296703297 0.04395604395604396
1 0.40354090354090355 0.19505494505494506 0.0231990231990232 0.04945054945054945
1 0.5989010989010989 0.23626373626373626 0.028083028083028084 0.04395604395604396
1 0.8589743589743589 0.6941391941391941 0.03540903540903541 0.04395604395604396
1 0.8785103785103785 0.6684981684981685 0.03296703296703297 0.05128205128205128
1 0.9078144078144078 0.057692307692307696 0.03296703296703297 0.056776556776556776
