0 0.8632478632478633 0.10531135531135531 0.05372405372405373 0.07875457875457875
0 0.5 0.26556776556776557 0.047619047619047616 0.06227106227106227
0 0.41147741147741146 0.16575091575091574 0.03418803418803419 0.04945054945054945
0 0.4474969474969475 0.18315018315018314 0.02564102564102564 0.04395604395604396
0 0.41025641025641024 0.23901098901098902 0.03663003663003663 0.045787545787545784
0 0.32112332112332115 0.3241758241758242 0.04395604395604396 0.05128205128205128
0 0.4004884004884005 0.326007326007326 0.03418803418803419 0.04395604395604396
0 0.39316239316239315 0.36355311355311354 0.03418803418803419 0.045787545787545784
0 0.22527472527472528 0.4734432234432234 0.042735042735042736 0.056776556776556776
0 0.2564102564102564 0.4706959706959707 0.04151404151404151 0.054945054945054944
0 0.4365079365079365 0.35805860805860806 0.045177045177045176 0.056776556776556776
0 0.3144078144078144 0.4175824175824176 0.042735042735042736 0.047619047619047616
0 0.08791208791208792 0.49725274725274726 0.04884004884004884 0.06776556776556776
0 0.043345543345543344 0.37637362637362637 0.045177045177045176 0.07142857142857142
0 0.10622710622710622 0.37637362637362637 0.0463980463980464 0.06043956043956044
0 0.019536019536019536 0.5613553113553114 0.031746031746031744 0.056776556776556776
0 0.12942612942612944 0.6437728937728938 0.04884004884004884 0.056776556776556776
0 0.16910866910866912 0.6712454212454212 0.03785103785103785 0.07142857142857142
0 0.21306471306471306 0.673992673992674 0.040293040293040296 0.054945054945054944
0 0.1794871794871795 0.5467032967032966 0.04151404151404151 0.0641025641025641
0 0.1568986568986569 0.48626373626373626 0.054945054945054944 0.06043956043956044
0 0.22527472527472528 0.532051282051282 0.03785103785103785 0.06043956043956044
0 0.29181929181929184 0.6043956043956044 0.03907203907203907 0.05860805860805861
0 0.3778998778998779 0.5256410256410257 0.030525030525030524 0.047619047619047616
0 0.40415140415140416 0.6923076923076923 0.029304029304029304 0.040293040293040296
0 0.45604395604395603 0.7582417582417582 0.03785103785103785 0.06227106227106227
0 0.48595848595848595 0.7921245421245421 0.029304029304029304 0.06043956043956044
0 0.6398046398046398 0.3058608058608059 0.03907203907203907 0.06227106227106227
0 0.5732600732600732 0.3974358974358974 0.047619047619047616 0.07326007326007326
0 0.6043956043956044 0.46886446886446886 0.04395604395604396 0.08058608058608059
0 0.6617826617826618 0.46703296703296704 0.029304029304029304 0.07692307692307693
0 0.699023199023199 0.41117216117216115 0.052503052503052504 0.0641025641025641
0 0.699023199023199 0.4835164835164835 0.047619047619047616 0.0695970695970696
0 0.7423687423687424 0.4816849816849817 0.03907203907203907 0.08791208791208792
0 0.7564102564102564 0.5943223443223443 0.03540903540903541 0.05311355311355311
0 0.6703296703296703 0.7976190476190477 0.03907203907203907 0.07142857142857142
0 0.7893772893772893 0.8012820512820513 0.047619047619047616 0.07509157509157509
0 0.3424908424908425 0.8562271062271062 0.050061050061050064 0.05311355311355311
0 0.19536019536019536 0.9340659340659341 0.05128205128205128 0.06227106227106227
0 0.35836385836385837 0.6236263736263736 0.03540903540903541 0.056776556776556776
1 0.1568986568986569 0.26282051282051283 0.03785103785103785 0.027472527472527472
1 0.19658119658119658 0.2774725274725275 0.04151404151404151 0.045787545787545784
1 0.24664224664224665 0.41483516483516486 0.04395604395604396 0.05311355311355311
1 0.28327228327228327 0.7152014652014652 0.03418803418803419 0.045787545787545784
1 0.38217338217338215 0.8745421245421245 0.03663003663003663 0.05311355311355311
1 0.590964590964591 0.22985347985347984 0.029304029304029304 0.04212454212454213
1 0.5903540903540904 0.2783882783882784 0.040293040293040296 0.05128205128205128
1 0.5732600732600732 0.3434065934065934 0.028083028083028084 0.038461538461538464
