1 0.44993894993894995 0.5595238095238095 0.040293040293040296 0.05311355311355311
1 0.38156288156288154 0.4652014652014652 0.02564102564102564 0.04395604395604396
1 0.3553113553113553 0.5073260073260073 0.03418803418803419 0.04395604395604396
1 0.25824175824175827 0.7225274725274725 0.02564102564102564 0.04212454212454213
1 0.5433455433455433 0.8104395604395604 0.02442002442002442 0.04212454212454213
1 0.5018315018315018 0.8608058608058609 0.026862026862026864 0.040293040293040296
1 0.5512820512820513 0.2948717948717949 0.028083028083028084 0.040293040293040296
1 0.5805860805860806 0.43131868131868134 0.03296703296703297 0.04212454212454213
1 0.6343101343101343 0.05402930402930403 0.02564102564102564 0.0347985347985348
1 0.6379731379731379 0.11721611721611722 0.028083028083028084 0.040293040293040296
1 0.5769230769230769 0.28113553113553114 0.028083028083028084 0.04212454212454213
1 0.052503052503052504 0.21794871794871795 0.031746031746031744 0.03296703296703297
0 0.02197802197802198 0.0989010989010989 0.031746031746031744 0.054945054945054944
0 0.0989010989010989 0.10073260073260074 0.04151404151404151 0.06227106227106227
0 0.0873015873015873 0.163003663003663 0.040293040293040296 0.0695970695970696
0 0.13247863247863248 0.26373626373626374 0.040293040293040296 0.054945054945054944
0 0.17887667887667888 0.24358974358974358 0.042735042735042736 0.06227106227106227
0 0.1514041514041514 0.15293040293040294 0.04884004884004884 0.056776556776556776
0 0.16788766788766787 0.08699633699633699 0.054945054945054944 0.056776556776556776
0 0.22466422466422467 0.076007326007326 0.04884004884004884 0.0641025641025641
0 0.23992673992673993 0.1565934065934066 0.052503052503052504 0.07509157509157509
0 0.27106227106227104 0.0521978021978022 0.04884004884004884 0.07142857142857142
0 0.03785103785103785 0.315018315018315 0.04151404151404151 0.05860805860805861
0 0.14590964590964592 0.3498168498168498 0.050061050061050064 0.06593406593406594
0 0.19291819291819293 0.31868131868131866 0.04151404151404151 0.047619047619047616
0 0.04945054945054945 0.543040293040293 0.047619047619047616 0.0641025641025641
0 0.06837606837606838 0.6263736263736264 0.03907203907203907 0.06227106227106227
0 0.028083028083028084 0.6794871794871795 0.04395604395604396 0.06593406593406594
0 0.11294261294261294 0.6639194139194139 0.040293040293040296 0.0641025641025641
0 0.1288156288156288 0.5448717948717948 0.040293040293040296 0.04945054945054945
0 0.05372405372405373 0.40293040293040294 0.03663003663003663 0.054945054945054944
0 0.02442002442002442 0.8351648351648352 0.0463980463980464 0.0695970695970696
0 0.3162393162393162 0.024725274725274724 0.03663003663003663 0.045787545787545784
