1 0.06837606837606838 0.608058608058608 0.031746031746031744 0.04395604395604396
1 0.09340659340659341 0.6062271062271062 0.03296703296703297 0.05128205128205128
1 0.1343101343101343 0.6163003663003663 0.031746031746031744 0.04212454212454213
1 0.163003663003663 0.608058608058608 0.03785103785103785 0.05128205128205128
1 0.17399267399267399 0.6492673992673993 0.028083028083028084 0.04212454212454213
1 0.17094017094017094 0.6785714285714286 0.026862026862026864 0.031135531135531136
1 0.16666666666666666 0.7051282051282052 0.03296703296703297 0.040293040293040296
1 0.16361416361416362 0.7509157509157509 0.03907203907203907 0.047619047619047616
1 0.1568986568986569 0.8195970695970696 0.030525030525030524 0.04945054945054945
1 0.1752136752136752 0.9661172161172161 0.03540903540903541 0.04945054945054945
1 0.21245421245421245 0.6382783882783882 0.05860805860805861 0.04212454212454213
1 0.32844932844932845 0.5503663003663004 0.03907203907203907 0.04212454212454213
1 0.07020757020757021 0.1794871794871795 0.03785103785103785 0.08424908424908426
1 0.033577533577533576 0.4880952380952381 0.030525030525030524 0.04945054945054945
1 0.1398046398046398 0.17582417582417584 0.052503052503052504 0.06227106227106227
1 0.10195360195360195 0.18223443223443223 0.030525030525030524 0.045787545787545784
1 0.12637362637362637 0.5137362637362637 0.028083028083028084 0.04212454212454213
1 0.07875457875457875 0.5146520146520146 0.045177045177045176 0.06593406593406594
1 0.9267399267399268 0.7536630036630036 0.031746031746031744 0.04212454212454213
1 0.9658119658119658 0.7646520146520146 0.03418803418803419 0.045787545787545784
1 0.9877899877899878 0.9047619047619048 0.02442002442002442 0.054945054945054944
1 0.8559218559218559 0.956959706959707 0.03663003663003663 0.04945054945054945
1 0.8766788766788767 0.9084249084249084 0.03907203907203907 0.06227106227106227
1 0.8748473748473748 0.8553113553113553 0.03540903540903541 0.05860805860805861
1 0.8797313797313797 0.7985347985347986 0.03785103785103785 0.05128205128205128
1 0.6947496947496947 0.5476190476190477 0.031746031746031744 0.047619047619047616
0 0.04945054945054945 0.03388278388278388 0.054945054945054944 0.056776556776556776
0 0.09706959706959707 0.047619047619047616 0.045177045177045176 0.06227106227106227
0 0.13675213675213677 0.048534798534798536 0.04395604395604396 0.06776556776556776
0 0.13064713064713065 0.11263736263736264 0.05860805860805861 0.06776556776556776
0 0.29426129426129427 0.14285714285714285 0.05372405372405373 0.06227106227106227
0 0.29853479853479853 0.09523809523809523 0.03296703296703297 0.03663003663003663
0 0.34493284493284493 0.17765567765567766 0.028083028083028084 0.04395604395604396
0 0.39316239316239315 0.03296703296703297 0.04884004884004884 0.06227106227106227
0 0.39133089133089133 0.08974358974358974 0.047619047619047616 0.05860805860805861
0 0.3534798534798535 0.027472527472527472 0.03785103785103785 0.05128205128205128
0 0.20512820512820512 0.2261904761904762 0.04395604395604396 0.056776556776556776
0 0.221001221001221 0.16483516483516483 0.0463980463980464 0.05860805860805861
0 0.34737484737484736 0.3873626373626374 0.040293040293040296 0.06043956043956044
0 0.2686202686202686 0.3772893772893773 0.05372405372405373 0.0695970695970696
0 0.2973137973137973 0.44963369963369965 0.03785103785103785 0.0641025641025641
0 0.2087912087912088 0.49725274725274726 0.05372405372405373 0.07875457875457875
0 0.38522588522588525 0.5421245421245421 0.03296703296703297 0.06227106227106227
0 0.38522588522588525 0.4725274725274725 0.03540903540903541 0.06227106227106227
0 0.39316239316239315 0.413003663003663 0.03907203907203907 0.0641025641025641
0 0.5476190476190477 0.38644688644688646 0.03296703296703297 0.05860805860805861
0 0.5775335775335775 0.38003663003663 0.03907203907203907 0.06776556776556776
0 0.6196581196581197 0.33791208791208793 0.050061050061050064 0.06776556776556776
0 0.6526251526251526 0.3324175824175824 0.03296703296703297 0.0641025641025641
0 0.6007326007326007 0.2518315018315018 0.04151404151404151 0.0641025641025641
0 0.48656898656898656 0.17124542124542125 0.040293040293040296 0.06776556776556776
0 0.4481074481074481 0.12087912087912088 0.03418803418803419 0.05860805860805861
0 0.49511599511599513 0.08424908424908426 0.042735042735042736 0.06227106227106227
0 0.525030525030525 0.16575091575091574 0.04151404151404151 0.07142857142857142
0 0.666056166056166 0.2032967032967033 0.03785103785103785 0.054945054945054944
0 0.47802197802197804 0.42032967032967034 0.045177045177045176 0.056776556776556776
0 0.4877899877899878 0.3617216117216117 0.050061050061050064 0.06776556776556776
0 0.6556776556776557 0.5723443223443223 0.04395604395604396 0.06776556776556776
0 0.7564102564102564 0.8809523809523809 0.047619047619047616 0.07692307692307693
0 0.73992673992674 0.9624542124542125 0.04151404151404151 0.06776556776556776
0 0.782051282051282 0.956959706959707 0.05982905982905983 0.08241758241758242
0 0.21245421245421245 0.2783882783882784 0.0463980463980464 0.06593406593406594
0 0.6001221001221001 0.045787545787545784 0.045177045177045176 0.07326007326007326
