1 0.6477411477411478 0.3076923076923077 0.03296703296703297 0.04395604395604396
1 0.6984126984126984 0.2316849816849817 0.03418803418803419 0.05311355311355311
1 0.4358974358974359 0.5293040293040293 0.026862026862026864 0.040293040293040296
1 0.4700854700854701 0.4990842490842491 0.031746031746031744 0.04212454212454213
1 0.4004884004884005 0.5558608058608059 0.031746031746031744 0.04212454212454213
1 0.022588522588522588 0.7152014652014652 0.03540903540903541 0.0347985347985348
1 0.12393162393162394 0.6181318681318682 0.042735042735042736 0.045787545787545784
1 0.24053724053724054 0.6987179487179487 0.031746031746031744 0.04212454212454213
1 0.2783882783882784 0.6639194139194139 0.03663003663003663 0.04945054945054945
1 0.322954822954823 0.6309523809523809 0.030525030525030524 0.038461538461538464
1 0.43833943833943834 0.06318681318681318 0.029304029304029304 0.04945054945054945
1 0.6336996336996337 0.029304029304029304 0.026862026862026864 0.040293040293040296
0 0.11233211233211234 0.2454212454212454 0.031746031746031744 0.047619047619047616
0 0.14224664224664224 0.10073260073260074 0.040293040293040296 0.047619047619047616
0 0.22405372405372406 0.21245421245421245 0.042735042735042736 0.05860805860805861
0 0.23382173382173382 0.12912087912087913 0.03540903540903541 0.04945054945054945
0 0.18253968253968253 0.11355311355311355 0.03785103785103785 0.05128205128205128
0 0.2216117216117216 0.3131868131868132 0.03540903540903541 0.05860805860805861
0 0.2594627594627595 0.2838827838827839 0.040293040293040296 0.05860805860805861
0 0.2802197802197802 0.3489010989010989 0.045177045177045176 0.0641025641025641
0 0.2796092796092796 0.21978021978021978 0.04395604395604396 0.05860805860805861
0 0.28083028083028083 0.14926739926739926 0.03907203907203907 0.07142857142857142
0 0.32234432234432236 0.24084249084249085 0.031746031746031744 0.04945054945054945
0 0.3418803418803419 0.2902930402930403 0.04151404151404151 0.06043956043956044
0 0.23992673992673993 0.47435897435897434 0.040293040293040296 0.05860805860805861
0 0.6575091575091575 0.15476190476190477 0.052503052503052504 0.06043956043956044
0 0.6324786324786325 0.10622710622710622 0.03907203907203907 0.07326007326007326
0 0.5830280830280831 0.048534798534798536 0.040293040293040296 0.056776556776556776
0 0.4926739926739927 0.10714285714285714 0.03785103785103785 0.056776556776556776
0 0.4609279609279609 0.27380952380952384 0.054945054945054944 0.06776556776556776
0 0.6642246642246642 0.08791208791208792 0.0463980463980464 0.06593406593406594
0 0.833943833943834 0.08333333333333333 0.0463980463980464 0.06776556776556776
0 0.8290598290598291 0.027472527472527472 0.04395604395604396 0.05128205128205128
0 0.22283272283272285 0.020146520146520148 0.03296703296703297 0.03663003663003663
