1 0.18315018315018314 0.3489010989010989 0.031746031746031744 0.04945054945054945
1 0.20757020757020758 0.3516483516483517 0.031746031746031744 0.04395604395604396
1 0.2277167277167277 0.34706959706959706 0.028083028083028084 0.04212454212454213
1 0.2625152625152625 0.3250915750915751 0.029304029304029304 0.04945054945054945
1 0.2875457875457875 0.5128205128205128 0.02564102564102564 0.040293040293040296
1 0.257020757020757 0.5659340659340659 0.030525030525030524 0.047619047619047616
1 0.2588522588522589 0.6254578754578755 0.029304029304029304 0.045787545787545784
1 0.2588522588522589 0.6593406593406593 0.026862026862026864 0.03663003663003663
1 0.2515262515262515 0.8040293040293041 0.03418803418803419 0.04395604395604396
1 0.2625152625152625 0.8406593406593407 0.03663003663003663 0.03663003663003663
1 0.3956043956043956 0.5824175824175825 0.031746031746031744 0.03663003663003663
1 0.742979242979243 0.43131868131868134 0.028083028083028084 0.04212454212454213
1 0.7216117216117216 0.45695970695970695 0.02442002442002442 0.038461538461538464
1 0.6996336996336996 0.4230769230769231 0.04884004884004884 0.054945054945054944
1 0.6263736263736264 0.40201465201465203 0.02442002442002442 0.0347985347985348
1 0.5659340659340659 0.6538461538461539 0.028083028083028084 0.040293040293040296
1 0.76007326007326 0.7802197802197802 0.02564102564102564 0.047619047619047616
1 0.7588522588522588 0.8818681318681318 0.030525030525030524 0.056776556776556776
1 0.8199023199023199 0.9102564102564102 0.042735042735042736 0.04395604395604396
1 0.8205128205128205 0.9514652014652014 0.026862026862026864 0.045787545787545784
1 0.14652014652014653 0.8543956043956044 0.02197802197802198 0.04945054945054945
1 0.17155067155067155 0.847985347985348 0.045177045177045176 0.054945054945054944
1 0.47680097680097683 0.22802197802197802 0.030525030525030524 0.04945054945054945
0 0.5671550671550671 0.04212454212454213 0.045177045177045176 0.06593406593406594
0 0.5659340659340659 0.10622710622710622 0.040293040293040296 0.05128205128205128
0 0.6123321123321124 0.11446886446886446 0.03296703296703297 0.06043956043956044
0 0.6105006105006106 0.1749084249084249 0.03907203907203907 0.04945054945054945
0 0.5097680097680097 0.23626373626373626 0.042735042735042736 0.07692307692307693
0 0.5488400488400489 0.19963369963369965 0.028083028083028084 0.03296703296703297
0 0.5457875457875457 0.24358974358974358 0.03907203907203907 0.06227106227106227
0 0.6013431013431013 0.28113553113553114 0.042735042735042736 0.06043956043956044
0 0.5048840048840049 0.4230769230769231 0.050061050061050064 0.07326007326007326
0 0.44932844932844934 0.3434065934065934 0.04151404151404151 0.07142857142857142
0 0.6025641025641025 0.5054945054945055 0.050061050061050064 0.0695970695970696
0 0.7222222222222222 0.27289377289377287 0.040293040293040296 0.06227106227106227
0 0.7063492063492064 0.3131868131868132 0.045177045177045176 0.05860805860805861
0 0.47496947496947495 0.5824175824175825 0.03418803418803419 0.05128205128205128
0 0.49206349206349204 0.6291208791208791 0.03418803418803419 0.056776556776556776
0 0.5457875457875457 0.6227106227106227 0.03907203907203907 0.06593406593406594
0 0.6190476190476191 0.6675824175824175 0.04151404151404151 0.06043956043956044
0 0.6105006105006106 0.5815018315018315 0.04151404151404151 0.045787545787545784
0 0.7393162393162394 0.5613553113553114 0.03296703296703297 0.05311355311355311
0 0.7087912087912088 0.6098901098901099 0.028083028083028084 0.03296703296703297
0 0.6837606837606838 0.6007326007326007 0.03907203907203907 0.040293040293040296
0 0.539072039072039 0.7939560439560439 0.050061050061050064 0.06043956043956044
0 0.536019536019536 0.8388278388278388 0.031746031746031744 0.03296703296703297
0 0.6233211233211233 0.75 0.045177045177045176 0.07875457875457875
0 0.6098901098901099 0.7902930402930403 0.047619047619047616 0.06776556776556776
0 0.5818070818070818 0.815018315018315 0.028083028083028084 0.03663003663003663
0 0.6196581196581197 0.8360805860805861 0.03296703296703297 0.04212454212454213
0 0.6227106227106227 0.8791208791208791 0.04151404151404151 0.04395604395604396
0 0.6581196581196581 0.8736263736263736 0.03907203907203907 0.06593406593406594
0 0.7313797313797313 0.7655677655677655 0.04395604395604396 0.0695970695970696
0 0.7295482295482295 0.9606227106227107 0.040293040293040296 0.06043956043956044
0 0.8638583638583639 0.8003663003663004 0.02564102564102564 0.04395604395604396
0 0.8821733821733821 0.8031135531135531 0.02564102564102564 0.031135531135531136
0 0.851037851037851 0.8461538461538461 0.029304029304029304 0.04395604395604396
0 0.8821733821733821 0.8489010989010989 0.030525030525030524 0.045787545787545784
0 0.9218559218559218 0.7793040293040293 0.04395604395604396 0.0641025641025641
0 0.9584859584859585 0.7619047619047619 0.03907203907203907 0.06227106227106227
0 0.9603174603174603 0.8168498168498168 0.03296703296703297 0.047619047619047616
0 0.9774114774114774 0.6886446886446886 0.03785103785103785 0.06227106227106227
0 0.8589743589743589 0.5302197802197802 0.03785103785103785 0.06776556776556776
0 0.8943833943833944 0.576007326007326 0.03296703296703297 0.056776556776556776
0 0.9322344322344323 0.5970695970695971 0.03296703296703297 0.06227106227106227
0 0.9481074481074481 0.5082417582417582 0.03296703296703297 0.05311355311355311
0 0.9645909645909646 0.43864468864468864 0.05372405372405373 0.07509157509157509
0 0.9841269841269841 0.5302197802197802 0.031746031746031744 0.07142857142857142
0 0.960927960927961 0.6071428571428571 0.026862026862026864 0.04945054945054945
0 0.9877899877899878 0.6309523809523809 0.02442002442002442 0.04945054945054945
0 0.7057387057387058 0.02564102564102564 0.03663003663003663 0.047619047619047616
0 0.847985347985348 0.43864468864468864 0.042735042735042736 0.056776556776556776
1 0.7509157509157509 0.09706959706959707 0.02442002442002442 0.040293040293040296
1 0.7686202686202687 0.20604395604395603 0.028083028083028084 0.045787545787545784
1 0.7673992673992674 0.047619047619047616 0.03296703296703297 0.04395604395604396
0 0.050061050061050064 0.040293040293040296 0.026862026862026864 0.03663003663003663
0 0.08791208791208792 0.040293040293040296 0.026862026862026864 0.047619047619047616
0 0.1227106227106227 0.037545787545787544 0.028083028083028084 0.0347985347985348
