0 0.32051282051282054 0.31043956043956045 0.050061050061050064 0.07142857142857142
0 0.17032967032967034 0.2554945054945055 0.03296703296703297 0.04212454212454213
0 0.18437118437118438 0.3443223443223443 0.04151404151404151 0.06593406593406594
0 0.2673992673992674 0.31043956043956045 0.05616605616605617 0.06043956043956044
0 0.2875457875457875 0.30494505494505497 0.040293040293040296 0.06043956043956044
0 0.18803418803418803 0.423992673992674 0.05372405372405373 0.0641025641025641
0 0.1452991452991453 0.413003663003663 0.03663003663003663 0.0641025641025641
0 0.1514041514041514 0.34706959706959706 0.03418803418803419 0.056776556776556776
0 0.20024420024420025 0.4826007326007326 0.03907203907203907 0.07509157509157509
0 0.15873015873015872 0.489010989010989 0.04151404151404151 0.05128205128205128
0 0.26495726495726496 0.5091575091575091 0.05616605616605617 0.07326007326007326
0 0.24053724053724054 0.445970695970696 0.04884004884004884 0.0641025641025641
0 0.25396825396825395 0.40293040293040294 0.0463980463980464 0.05860805860805861
0 0.3241758241758242 0.46794871794871795 0.050061050061050064 0.06776556776556776
0 0.36446886446886445 0.4835164835164835 0.047619047619047616 0.05860805860805861
0 0.3693528693528694 0.5311355311355311 0.03785103785103785 0.054945054945054944
0 0.3241758241758242 0.5741758241758241 0.03785103785103785 0.045787545787545784
0 0.3424908424908425 0.6245421245421245 0.030525030525030524 0.040293040293040296
0 0.35775335775335776 0.5796703296703297 0.04151404151404151 0.04945054945054945
0 0.3974358974358974 0.2902930402930403 0.03296703296703297 0.04212454212454213
0 0.608058608058608 0.423992673992674 0.04151404151404151 0.04945054945054945
0 0.5757020757020757 0.3021978021978022 0.028083028083028084 0.047619047619047616
0 0.6074481074481074 0.26465201465201466 0.030525030525030524 0.045787545787545784
