1 0.10866910866910867 0.5448717948717948 0.029304029304029304 0.04212454212454213
1 0.15934065934065933 0.4523809523809524 0.03785103785103785 0.04395604395604396
1 0.043345543345543344 0.2518315018315018 0.03540903540903541 0.045787545787545784
1 0.07509157509157509 0.22527472527472528 0.03540903540903541 0.047619047619047616
1 0.04212454212454213 0.336996336996337 0.03785103785103785 0.054945054945054944
1 0.20512820512820512 0.3141025641025641 0.031746031746031744 0.04945054945054945
1 0.014652014652014652 0.1813186813186813 0.026862026862026864 0.03663003663003663
1 0.06593406593406594 0.6062271062271062 0.03418803418803419 0.040293040293040296
1 0.163003663003663 0.7234432234432234 0.03540903540903541 0.047619047619047616
1 0.040903540903540904 0.4413919413919414 0.03785103785103785 0.04395604395604396
1 0.11233211233211234 0.42765567765567764 0.029304029304029304 0.045787545787545784
1 0.040293040293040296 0.9423076923076923 0.03663003663003663 0.04945054945054945
1 0.2673992673992674 0.684981684981685 0.03418803418803419 0.047619047619047616
1 0.3766788766788767 0.7756410256410257 0.030525030525030524 0.05311355311355311
1 0.5213675213675214 0.7307692307692307 0.031746031746031744 0.04395604395604396
1 0.43223443223443225 0.6355311355311355 0.026862026862026864 0.03663003663003663
1 0.23443223443223443 0.8333333333333334 0.029304029304029304 0.047619047619047616
1 0.28998778998779 0.7793040293040293 0.02564102564102564 0.04212454212454213
1 0.5085470085470085 0.9514652014652014 0.03540903540903541 0.04945054945054945
1 0.43162393162393164 0.8241758241758241 0.028083028083028084 0.04395604395604396
1 0.19536019536019536 0.967948717948718 0.026862026862026864 0.04212454212454213
1 0.09401709401709402 0.6895604395604396 0.029304029304029304 0.04212454212454213
1 0.23687423687423687 0.8937728937728938 0.026862026862026864 0.03663003663003663
1 0.3766788766788767 0.9184981684981685 0.02564102564102564 0.038461538461538464
1 0.3064713064713065 0.023809523809523808 0.03907203907203907 0.04395604395604396
1 0.015262515262515262 0.6858974358974359 0.028083028083028084 0.04212454212454213
