1 0.057997557997558 0.8553113553113553 0.042735042735042736 0.06227106227106227
1 0.08608058608058608 0.8021978021978022 0.040293040293040296 0.047619047619047616
1 0.1111111111111111 0.7591575091575091 0.03663003663003663 0.04212454212454213
1 0.12332112332112333 0.6858974358974359 0.03418803418803419 0.05311355311355311
1 0.23565323565323565 0.7454212454212454 0.03418803418803419 0.05128205128205128
1 0.29304029304029305 0.7902930402930403 0.026862026862026864 0.038461538461538464
1 0.3064713064713065 0.5778388278388278 0.029304029304029304 0.04212454212454213
1 0.28876678876678874 0.6721611721611722 0.0231990231990232 0.03296703296703297
1 0.3778998778998779 0.7152014652014652 0.0231990231990232 0.038461538461538464
1 0.3235653235653236 0.73992673992674 0.02197802197802198 0.03296703296703297
1 0.34554334554334554 0.7967032967032966 0.026862026862026864 0.03296703296703297
1 0.34493284493284493 0.8305860805860806 0.028083028083028084 0.031135531135531136
1 0.3797313797313797 0.8040293040293041 0.026862026862026864 0.040293040293040296
1 0.4004884004884005 0.836996336996337 0.02442002442002442 0.040293040293040296
1 0.5085470085470085 0.7051282051282052 0.02564102564102564 0.040293040293040296
1 0.45115995115995117 0.6227106227106227 0.03296703296703297 0.03663003663003663
1 0.463980463980464 0.6639194139194139 0.0463980463980464 0.045787545787545784
1 0.3894993894993895 0.5595238095238095 0.03663003663003663 0.04945054945054945
1 0.41208791208791207 0.5970695970695971 0.050061050061050064 0.04395604395604396
1 0.3626373626373626 0.5064102564102564 0.04884004884004884 0.045787545787545784
1 0.3772893772893773 0.4542124542124542 0.031746031746031744 0.06593406593406594
1 0.20207570207570208 0.3360805860805861 0.03540903540903541 0.04212454212454213
1 0.1752136752136752 0.16025641025641027 0.054945054945054944 0.0641025641025641
1 0.2973137973137973 0.12912087912087913 0.045177045177045176 0.056776556776556776
1 0.3626373626373626 0.19413919413919414 0.031746031746031744 0.05128205128205128
1 0.42918192918192916 0.21520146520146521 0.030525030525030524 0.05311355311355311
1 0.2661782661782662 0.25274725274725274 0.031746031746031744 0.04395604395604396
1 0.5152625152625152 0.21062271062271062 0.026862026862026864 0.040293040293040296
1 0.4731379731379731 0.14377289377289376 0.0231990231990232 0.038461538461538464
1 0.8034188034188035 0.18864468864468864 0.0463980463980464 0.054945054945054944
1 0.7148962148962149 0.40384615384615385 0.030525030525030524 0.04945054945054945
1 0.7954822954822954 0.2774725274725275 0.03296703296703297 0.045787545787545784
1 0.887057387057387 0.2261904761904762 0.030525030525030524 0.05311355311355311
1 0.8876678876678876 0.29395604395604397 0.04151404151404151 0.04945054945054945
1 0.9114774114774115 0.31776556776556775 0.03540903540903541 0.045787545787545784
1 0.9438339438339438 0.34065934065934067 0.03418803418803419 0.06593406593406594
1 0.9743589743589743 0.38278388278388276 0.03663003663003663 0.06227106227106227
1 0.5830280830280831 0.7847985347985348 0.040293040293040296 0.06043956043956044
1 0.6263736263736264 0.8333333333333334 0.029304029304029304 0.04395604395604396
1 0.6782661782661783 0.8717948717948718 0.028083028083028084 0.047619047619047616
1 0.8778998778998779 0.8333333333333334 0.026862026862026864 0.04395604395604396
1 0.9590964590964591 0.6794871794871795 0.03540903540903541 0.06593406593406594
1 0.9865689865689866 0.6089743589743589 0.026862026862026864 0.04212454212454213
0 0.09035409035409035 0.3058608058608059 0.0463980463980464 0.05860805860805861
0 0.07997557997557997 0.36355311355311354 0.03785103785103785 0.056776556776556776
0 0.12026862026862027 0.36996336996337 0.050061050061050064 0.06593406593406594
0 0.10622710622710622 0.43040293040293043 0.03663003663003663 0.06593406593406594
0 0.14835164835164835 0.4468864468864469 0.042735042735042736 0.06593406593406594
0 0.2032967032967033 0.38278388278388276 0.03540903540903541 0.05128205128205128
0 0.23809523809523808 0.36446886446886445 0.04884004884004884 0.06593406593406594
0 0.31807081807081805 0.24633699633699635 0.040293040293040296 0.0641025641025641
0 0.28266178266178266 0.06227106227106227 0.042735042735042736 0.05860805860805861
0 0.3443223443223443 0.0347985347985348 0.04395604395604396 0.06593406593406594
0 0.19047619047619047 0.4661172161172161 0.031746031746031744 0.04945054945054945
0 0.4645909645909646 0.5192307692307693 0.042735042735042736 0.06043956043956044
0 0.5 0.5512820512820513 0.045177045177045176 0.06593406593406594
0 0.5683760683760684 0.6282051282051282 0.047619047619047616 0.0695970695970696
0 0.6153846153846154 0.6071428571428571 0.03907203907203907 0.0641025641025641
0 0.8247863247863247 0.6547619047619048 0.040293040293040296 0.07509157509157509
0 0.909035409035409 0.1446886446886447 0.050061050061050064 0.06593406593406594
0 0.7997557997557998 0.07326007326007326 0.05128205128205128 0.06593406593406594
0 0.9713064713064713 0.8214285714285714 0.047619047619047616 0.06776556776556776
0 0.17582417582417584 0.967032967032967 0.05372405372405373 0.054945054945054944
0 0.5622710622710623 0.2509157509157509 0.050061050061050064 0.0695970695970696
