0 0.5048840048840049 0.15018315018315018 0.042735042735042736 0.06593406593406594
0 0.5244200244200244 0.2509157509157509 0.040293040293040296 0.0695970695970696
0 0.6123321123321124 0.25457875457875456 0.045177045177045176 0.08058608058608059
0 0.6886446886446886 0.11996336996336997 0.04884004884004884 0.07509157509157509
0 0.5989010989010989 0.1108058608058608 0.05982905982905983 0.07875457875457875
0 0.6190476190476191 0.3598901098901099 0.05372405372405373 0.07875457875457875
0 0.6868131868131868 0.2765567765567766 0.052503052503052504 0.08424908424908426
0 0.703907203907204 0.3782051282051282 0.042735042735042736 0.08608058608058608
0 0.7551892551892552 0.42032967032967034 0.047619047619047616 0.06043956043956044
0 0.7631257631257631 0.47802197802197804 0.05128205128205128 0.0695970695970696
0 0.5781440781440782 0.3626373626373626 0.040293040293040296 0.0695970695970696
0 0.5341880341880342 0.3324175824175824 0.052503052503052504 0.06043956043956044
0 0.5604395604395604 0.47802197802197804 0.04395604395604396 0.07326007326007326
0 0.5958485958485958 0.47985347985347987 0.04884004884004884 0.07692307692307693
0 0.7777777777777778 0.07509157509157509 0.04395604395604396 0.0695970695970696
0 0.818070818070818 0.1227106227106227 0.05372405372405373 0.07326007326007326
0 0.8547008547008547 0.09615384615384616 0.0463980463980464 0.06776556776556776
0 0.9334554334554335 0.1282051282051282 0.054945054945054944 0.08424908424908426
0 0.8809523809523809 0.21703296703296704 0.042735042735042736 0.06776556776556776
0 0.8052503052503053 0.2774725274725275 0.057387057387057384 0.06776556776556776
0 0.826007326007326 0.3342490842490842 0.042735042735042736 0.07142857142857142
0 0.6452991452991453 0.5247252747252747 0.050061050061050064 0.06776556776556776
0 0.3876678876678877 0.7490842490842491 0.042735042735042736 0.054945054945054944
0 0.46153846153846156 0.7765567765567766 0.04151404151404151 0.05128205128205128
0 0.5708180708180708 0.7307692307692307 0.03785103785103785 0.06227106227106227
0 0.6001221001221001 0.6794871794871795 0.045177045177045176 0.05860805860805861
0 0.4713064713064713 0.8333333333333334 0.04395604395604396 0.06227106227106227
0 0.43162393162393164 0.8489010989010989 0.03785103785103785 0.05311355311355311
0 0.37362637362637363 0.9194139194139194 0.04884004884004884 0.06593406593406594
0 0.626984126984127 0.8754578754578755 0.047619047619047616 0.07692307692307693
0 0.5647130647130647 0.8315018315018315 0.047619047619047616 0.05860805860805861
0 0.6800976800976801 0.7435897435897436 0.04151404151404151 0.0695970695970696
0 0.706959706959707 0.6785714285714286 0.04395604395604396 0.056776556776556776
0 0.833943833943834 0.4075091575091575 0.04151404151404151 0.06776556776556776
0 0.8772893772893773 0.40934065934065933 0.042735042735042736 0.07509157509157509
0 0.9072039072039072 0.4065934065934066 0.03907203907203907 0.06593406593406594
0 0.7875457875457875 0.6987179487179487 0.04884004884004884 0.056776556776556776
0 0.7045177045177046 0.8571428571428571 0.04151404151404151 0.06593406593406594
0 0.48412698412698413 0.9294871794871795 0.040293040293040296 0.05311355311355311
0 0.3089133089133089 0.771978021978022 0.04395604395604396 0.056776556776556776
0 0.6404151404151404 0.9395604395604396 0.03540903540903541 0.04395604395604396
0 0.7667887667887668 0.8122710622710623 0.03418803418803419 0.05311355311355311
0 0.7918192918192918 0.9294871794871795 0.040293040293040296 0.056776556776556776
0 0.7173382173382173 0.9487179487179487 0.045177045177045176 0.06593406593406594
1 0.5201465201465202 0.6492673992673993 0.031746031746031744 0.04945054945054945
1 0.5567765567765568 0.6327838827838828 0.026862026862026864 0.0347985347985348
1 0.5103785103785103 0.5247252747252747 0.031746031746031744 0.045787545787545784
1 0.5036630036630036 0.4706959706959707 0.045177045177045176 0.047619047619047616
1 0.4908424908424908 0.42032967032967034 0.03418803418803419 0.045787545787545784
1 0.47924297924297926 0.34798534798534797 0.03296703296703297 0.047619047619047616
1 0.4474969474969475 0.17032967032967034 0.03540903540903541 0.047619047619047616
1 0.8815628815628815 0.8315018315018315 0.03418803418803419 0.03663003663003663
1 0.8461538461538461 0.8965201465201466 0.017094017094017096 0.031135531135531136
1 0.8144078144078144 0.8095238095238095 0.029304029304029304 0.04395604395604396
1 0.9768009768009768 0.5558608058608059 0.029304029304029304 0.045787545787545784
1 0.9065934065934066 0.489010989010989 0.030525030525030524 0.047619047619047616
1 0.9413919413919414 0.532051282051282 0.029304029304029304 0.045787545787545784
1 0.8424908424908425 0.4716117216117216 0.02197802197802198 0.0347985347985348
1 0.7264957264957265 0.5686813186813187 0.026862026862026864 0.038461538461538464
1 0.7063492063492064 0.5815018315018315 0.030525030525030524 0.038461538461538464
1 0.6251526251526252 0.5943223443223443 0.031746031746031744 0.04212454212454213
1 0.34004884004884006 0.1813186813186813 0.03296703296703297 0.04395604395604396
1 0.3663003663003663 0.163003663003663 0.031746031746031744 0.040293040293040296
1 0.4017094017094017 0.152014652014652 0.026862026862026864 0.040293040293040296
1 0.4517704517704518 0.16575091575091574 0.02442002442002442 0.05311355311355311
1 0.5500610500610501 0.07234432234432235 0.030525030525030524 0.038461538461538464
1 0.4719169719169719 0.09432234432234432 0.03540903540903541 0.04212454212454213
1 0.8821733821733821 0.6217948717948718 0.028083028083028084 0.04212454212454213
0 0.7777777777777778 0.5998168498168498 0.031746031746031744 0.056776556776556776
0 0.9523809523809523 0.413003663003663 0.03663003663003663 0.0641025641025641
