0 0.48656898656898656 0.326007326007326 0.045177045177045176 0.06227106227106227
0 0.5274725274725275 0.2957875457875458 0.05372405372405373 0.0641025641025641
0 0.6825396825396826 0.27106227106227104 0.03907203907203907 0.054945054945054944
0 0.5934065934065934 0.3241758241758242 0.04395604395604396 0.054945054945054944
0 0.6330891330891331 0.31959706959706957 0.045177045177045176 0.07509157509157509
0 0.47863247863247865 0.4267399267399267 0.0463980463980464 0.06227106227106227
0 0.4242979242979243 0.489010989010989 0.03540903540903541 0.06227106227106227
0 0.4633699633699634 0.4908424908424908 0.045177045177045176 0.06593406593406594
0 0.46886446886446886 0.5769230769230769 0.04151404151404151 0.06593406593406594
0 0.5146520146520146 0.42765567765567764 0.047619047619047616 0.0641025641025641
0 0.6575091575091575 0.4056776556776557 0.050061050061050064 0.05311355311355311
0 0.6318681318681318 0.4661172161172161 0.047619047619047616 0.06043956043956044
0 0.5781440781440782 0.47893772893772896 0.045177045177045176 0.0641025641025641
0 0.5470085470085471 0.5677655677655677 0.04151404151404151 0.054945054945054944
0 0.6111111111111112 0.565018315018315 0.047619047619047616 0.06043956043956044
0 0.47496947496947495 0.6556776556776557 0.05128205128205128 0.05128205128205128
0 0.5073260073260073 0.8406593406593407 0.06471306471306472 0.07692307692307693
0 0.8083028083028083 0.28846153846153844 0.04395604395604396 0.0641025641025641
0 0.5824175824175825 0.8305860805860806 0.04151404151404151 0.05311355311355311
0 0.6318681318681318 0.7866300366300366 0.03785103785103785 0.05311355311355311
0 0.5726495726495726 0.8882783882783882 0.04884004884004884 0.06593406593406594
0 0.6379731379731379 0.9166666666666666 0.03296703296703297 0.04212454212454213
