0 0.7893772893772893 0.586996336996337 0.040293040293040296 0.056776556776556776
0 0.7564102564102564 0.4697802197802198 0.057387057387057384 0.07875457875457875
0 0.8528693528693528 0.46886446886446886 0.054945054945054944 0.07326007326007326
0 0.8565323565323565 0.3992673992673993 0.050061050061050064 0.0695970695970696
0 0.8876678876678876 0.3315018315018315 0.0463980463980464 0.05128205128205128
0 0.9590964590964591 0.38461538461538464 0.040293040293040296 0.06227106227106227
0 0.8894993894993894 0.3992673992673993 0.054945054945054944 0.06227106227106227
0 0.9304029304029304 0.45879120879120877 0.04395604395604396 0.08241758241758242
0 0.9713064713064713 0.4468864468864469 0.047619047619047616 0.0695970695970696
0 0.9725274725274725 0.5879120879120879 0.042735042735042736 0.0695970695970696
0 0.8101343101343101 0.6730769230769231 0.03540903540903541 0.05311355311355311
0 0.811965811965812 0.7234432234432234 0.04395604395604396 0.054945054945054944
0 0.9181929181929182 0.8598901098901099 0.03663003663003663 0.056776556776556776
0 0.931013431013431 0.6501831501831502 0.045177045177045176 0.06227106227106227
0 0.8736263736263736 0.6794871794871795 0.02564102564102564 0.04395604395604396
0 0.8705738705738706 0.7710622710622711 0.031746031746031744 0.047619047619047616
0 0.8785103785103785 0.8195970695970696 0.03296703296703297 0.04212454212454213
0 0.8778998778998779 0.8717948717948718 0.03663003663003663 0.054945054945054944
0 0.8101343101343101 0.9184981684981685 0.03540903540903541 0.04945054945054945
1 0.38217338217338215 0.6025641025641025 0.02197802197802198 0.04395604395604396
0 0.6910866910866911 0.6190476190476191 0.03663003663003663 0.047619047619047616
0 0.6825396825396826 0.7793040293040293 0.03663003663003663 0.04945054945054945
