1 0.4432234432234432 0.5695970695970696 0.02197802197802198 0.03296703296703297
1 0.4932844932844933 0.9230769230769231 0.026862026862026864 0.03663003663003663
1 0.07936507936507936 0.5375457875457875 0.031746031746031744 0.0347985347985348
1 0.059218559218559216 0.4945054945054945 0.030525030525030524 0.040293040293040296
1 0.08608058608058608 0.3708791208791209 0.030525030525030524 0.038461538461538464
1 0.054334554334554336 0.38553113553113555 0.030525030525030524 0.04212454212454213
1 0.04822954822954823 0.31959706959706957 0.030525030525030524 0.038461538461538464
1 0.020146520146520148 0.4358974358974359 0.02564102564102564 0.03296703296703297
1 0.0231990231990232 0.2902930402930403 0.026862026862026864 0.038461538461538464
1 0.045177045177045176 0.4157509157509158 0.02442002442002442 0.03296703296703297
1 0.32905982905982906 0.05402930402930403 0.03296703296703297 0.045787545787545784
