0 0.3431013431013431 0.7637362637362637 0.0463980463980464 0.07326007326007326
0 0.45604395604395603 0.597985347985348 0.045177045177045176 0.056776556776556776
0 0.40476190476190477 0.717948717948718 0.03785103785103785 0.06227106227106227
0 0.42002442002442003 0.7847985347985348 0.04395604395604396 0.0641025641025641
0 0.4065934065934066 0.8489010989010989 0.03907203907203907 0.056776556776556776
0 0.4542124542124542 0.86996336996337 0.04395604395604396 0.05860805860805861
0 0.39438339438339437 0.9157509157509157 0.03907203907203907 0.05860805860805861
0 0.5695970695970696 0.847985347985348 0.03296703296703297 0.05860805860805861
0 0.5299145299145299 0.8855311355311355 0.03663003663003663 0.056776556776556776
0 0.48473748473748474 0.9688644688644689 0.04151404151404151 0.054945054945054944
0 0.22954822954822954 0.7692307692307693 0.04884004884004884 0.0695970695970696
0 0.15079365079365079 0.8708791208791209 0.03785103785103785 0.06043956043956044
0 0.036019536019536016 0.847985347985348 0.052503052503052504 0.06227106227106227
0 0.08424908424908426 0.9697802197802198 0.03907203907203907 0.056776556776556776
0 0.8766788766788767 0.423992673992674 0.04395604395604396 0.06776556776556776
0 0.9102564102564102 0.4807692307692308 0.03785103785103785 0.06043956043956044
0 0.026251526251526252 0.7838827838827839 0.047619047619047616 0.0695970695970696
1 0.040903540903540904 0.7051282051282052 0.03785103785103785 0.054945054945054944
1 0.5897435897435898 0.47985347985347987 0.03418803418803419 0.05128205128205128
1 0.6959706959706959 0.39285714285714285 0.029304029304029304 0.04212454212454213
1 0.27350427350427353 0.510989010989011 0.02442002442002442 0.040293040293040296
1 0.29975579975579975 0.4990842490842491 0.02564102564102564 0.038461538461538464
1 0.32722832722832723 0.4835164835164835 0.029304029304029304 0.054945054945054944
1 0.3553113553113553 0.45879120879120877 0.03418803418803419 0.056776556776556776
1 0.39316239316239315 0.4340659340659341 0.03418803418803419 0.04395604395604396
1 0.416971916971917 0.40934065934065933 0.040293040293040296 0.056776556776556776
1 0.797924297924298 0.6822344322344323 0.03296703296703297 0.045787545787545784
1 0.23382173382173382 0.9771062271062271 0.03296703296703297 0.045787545787545784
1 0.1984126984126984 0.9331501831501832 0.03540903540903541 0.05311355311355311
1 0.03907203907203907 0.9771062271062271 0.03663003663003663 0.04212454212454213
