1 0.2271062271062271 0.5732600732600732 0.031746031746031744 0.047619047619047616
1 0.27411477411477414 0.5815018315018315 0.028083028083028084 0.038461538461538464
1 0.1446886446886447 0.7133699633699634 0.03296703296703297 0.038461538461538464
1 0.04395604395604396 0.5 0.029304029304029304 0.040293040293040296
1 0.017094017094017096 0.4981684981684982 0.019536019536019536 0.040293040293040296
1 0.31196581196581197 0.23076923076923078 0.020757020757020756 0.03663003663003663
1 0.18192918192918192 0.13644688644688643 0.02197802197802198 0.038461538461538464
1 0.09035409035409035 0.029304029304029304 0.031746031746031744 0.047619047619047616
1 0.16788766788766787 0.05128205128205128 0.030525030525030524 0.040293040293040296
1 0.2954822954822955 0.14835164835164835 0.017094017094017096 0.02564102564102564
1 0.42246642246642246 0.5018315018315018 0.029304029304029304 0.03663003663003663
1 0.4621489621489622 0.5375457875457875 0.02564102564102564 0.0347985347985348
1 0.45115995115995117 0.5659340659340659 0.028083028083028084 0.04395604395604396
1 0.4542124542124542 0.6135531135531136 0.029304029304029304 0.05128205128205128
1 0.8669108669108669 0.858058608058608 0.029304029304029304 0.04212454212454213
1 0.8315018315018315 0.9047619047619048 0.031746031746031744 0.040293040293040296
1 0.8595848595848596 0.9093406593406593 0.026862026862026864 0.04212454212454213
1 0.8461538461538461 0.9340659340659341 0.02197802197802198 0.03663003663003663
