0 0.43833943833943834 0.6181318681318682 0.04884004884004884 0.06776556776556776
0 0.33760683760683763 0.34706959706959706 0.045177045177045176 0.056776556776556776
0 0.336996336996337 0.4010989010989011 0.04151404151404151 0.054945054945054944
0 0.33516483516483514 0.44047619047619047 0.040293040293040296 0.056776556776556776
0 0.3791208791208791 0.6208791208791209 0.050061050061050064 0.0695970695970696
0 0.5128205128205128 0.6263736263736264 0.031746031746031744 0.06227106227106227
0 0.5103785103785103 0.7371794871794872 0.031746031746031744 0.04945054945054945
0 0.5366300366300366 0.728021978021978 0.03296703296703297 0.05311355311355311
0 0.5659340659340659 0.6813186813186813 0.045177045177045176 0.054945054945054944
0 0.5976800976800977 0.8186813186813187 0.045177045177045176 0.054945054945054944
0 0.5958485958485958 0.7774725274725275 0.04151404151404151 0.056776556776556776
0 0.5054945054945055 0.7985347985347986 0.031746031746031744 0.040293040293040296
0 0.34493284493284493 0.2673992673992674 0.03785103785103785 0.047619047619047616
1 0.3333333333333333 0.9688644688644689 0.031746031746031744 0.047619047619047616
1 0.3711843711843712 0.9606227106227107 0.03418803418803419 0.05311355311355311
1 0.4896214896214896 0.9340659340659341 0.031746031746031744 0.054945054945054944
1 0.5311355311355311 0.9230769230769231 0.04395604395604396 0.05128205128205128
1 0.6245421245421245 0.8937728937728938 0.047619047619047616 0.05860805860805861
1 0.5818070818070818 0.913003663003663 0.045177045177045176 0.05311355311355311
1 0.7490842490842491 0.8653846153846154 0.045177045177045176 0.06043956043956044
1 0.7454212454212454 0.9285714285714286 0.03540903540903541 0.040293040293040296
1 0.6691086691086691 0.8974358974358975 0.03663003663003663 0.05128205128205128
