0 0.6068376068376068 0.31959706959706957 0.0463980463980464 0.06043956043956044
0 0.6373626373626373 0.32783882783882784 0.03663003663003663 0.054945054945054944
0 0.5726495726495726 0.358974358974359 0.03663003663003663 0.054945054945054944
0 0.6043956043956044 0.3663003663003663 0.03663003663003663 0.047619047619047616
0 0.5396825396825397 0.29945054945054944 0.03418803418803419 0.056776556776556776
0 0.5341880341880342 0.3498168498168498 0.03540903540903541 0.054945054945054944
0 0.503052503052503 0.2554945054945055 0.04395604395604396 0.06043956043956044
0 0.5134310134310134 0.19963369963369965 0.02564102564102564 0.05860805860805861
0 0.39316239316239315 0.23443223443223443 0.029304029304029304 0.054945054945054944
0 0.43162393162393164 0.24084249084249085 0.03785103785103785 0.056776556776556776
0 0.42185592185592186 0.18864468864468864 0.02564102564102564 0.040293040293040296
0 0.358974358974359 0.34615384615384615 0.04395604395604396 0.0695970695970696
0 0.4340659340659341 0.3882783882783883 0.040293040293040296 0.05860805860805861
0 0.37484737484737485 0.43864468864468864 0.04151404151404151 0.07142857142857142
0 0.40354090354090355 0.48443223443223443 0.042735042735042736 0.06776556776556776
0 0.398046398046398 0.543040293040293 0.05860805860805861 0.07142857142857142
0 0.48412698412698413 0.5677655677655677 0.050061050061050064 0.0695970695970696
0 0.5311355311355311 0.5567765567765568 0.05372405372405373 0.06593406593406594
0 0.5354090354090354 0.4478021978021978 0.03296703296703297 0.05311355311355311
0 0.5598290598290598 0.5009157509157509 0.040293040293040296 0.04945054945054945
0 0.5671550671550671 0.45787545787545786 0.03785103785103785 0.05128205128205128
0 0.5952380952380952 0.46153846153846156 0.030525030525030524 0.054945054945054944
0 0.6245421245421245 0.4642857142857143 0.040293040293040296 0.045787545787545784
0 0.503052503052503 0.6437728937728938 0.04395604395604396 0.0641025641025641
0 0.4340659340659341 0.6153846153846154 0.040293040293040296 0.05128205128205128
0 0.5891330891330891 0.61996336996337 0.03540903540903541 0.05311355311355311
0 0.5989010989010989 0.5686813186813187 0.045177045177045176 0.04945054945054945
0 0.8595848595848596 0.5421245421245421 0.05372405372405373 0.0695970695970696
0 0.8656898656898657 0.4908424908424908 0.05372405372405373 0.05860805860805861
0 0.873015873015873 0.4358974358974359 0.05128205128205128 0.06593406593406594
0 0.8400488400488401 0.3608058608058608 0.05128205128205128 0.0695970695970696
0 0.8632478632478633 0.3141025641025641 0.04884004884004884 0.08608058608058608
0 0.9218559218559218 0.3159340659340659 0.04151404151404151 0.07142857142857142
0 0.9291819291819292 0.39377289377289376 0.0463980463980464 0.08058608058608059
0 0.9242979242979243 0.45787545787545786 0.04884004884004884 0.07692307692307693
0 0.9114774114774115 0.5137362637362637 0.040293040293040296 0.06776556776556776
0 0.967032967032967 0.5311355311355311 0.031746031746031744 0.05128205128205128
0 0.7356532356532357 0.28113553113553114 0.03296703296703297 0.05311355311355311
0 0.7698412698412699 0.23626373626373626 0.028083028083028084 0.04395604395604396
0 0.7722832722832723 0.2857142857142857 0.03296703296703297 0.05860805860805861
0 0.7753357753357754 0.33974358974358976 0.031746031746031744 0.056776556776556776
0 0.7997557997557998 0.2866300366300366 0.02442002442002442 0.04212454212454213
1 0.2783882783882784 0.6309523809523809 0.029304029304029304 0.045787545787545784
1 0.9792429792429792 0.22802197802197802 0.031746031746031744 0.038461538461538464
1 0.24236874236874237 0.6318681318681318 0.0231990231990232 0.03296703296703297
