1 0.19658119658119658 0.19505494505494506 0.03418803418803419 0.04945054945054945
1 0.15934065934065933 0.20512820512820512 0.028083028083028084 0.04395604395604396
1 0.0927960927960928 0.2271062271062271 0.031746031746031744 0.04395604395604396
1 0.05372405372405373 0.22985347985347984 0.03663003663003663 0.04212454212454213
1 0.19963369963369965 0.31868131868131866 0.030525030525030524 0.04395604395604396
1 0.1978021978021978 0.36446886446886445 0.0463980463980464 0.047619047619047616
1 0.2087912087912088 0.4175824175824176 0.0463980463980464 0.054945054945054944
1 0.21733821733821734 0.4597069597069597 0.03663003663003663 0.040293040293040296
1 0.21611721611721613 0.5027472527472527 0.031746031746031744 0.04212454212454213
1 0.2258852258852259 0.5952380952380952 0.03418803418803419 0.04395604395604396
1 0.23321123321123322 0.6758241758241759 0.029304029304029304 0.05128205128205128
1 0.231990231990232 0.7252747252747253 0.026862026862026864 0.03663003663003663
1 0.278998778998779 0.706959706959707 0.028083028083028084 0.03663003663003663
1 0.33760683760683763 0.6923076923076923 0.042735042735042736 0.03663003663003663
1 0.08424908424908426 0.7783882783882784 0.04395604395604396 0.04395604395604396
1 0.11782661782661782 0.7664835164835165 0.03540903540903541 0.031135531135531136
1 0.027472527472527472 0.8791208791208791 0.03296703296703297 0.047619047619047616
1 0.047619047619047616 0.9597069597069597 0.026862026862026864 0.029304029304029304
0 0.4255189255189255 0.09981684981684982 0.047619047619047616 0.056776556776556776
0 0.3833943833943834 0.10622710622710622 0.03663003663003663 0.054945054945054944
0 0.34737484737484736 0.12362637362637363 0.040293040293040296 0.06043956043956044
0 0.3528693528693529 0.06043956043956044 0.04395604395604396 0.06593406593406594
0 0.28144078144078144 0.13278388278388278 0.050061050061050064 0.056776556776556776
0 0.24297924297924298 0.1382783882783883 0.03663003663003663 0.08241758241758242
0 0.16971916971916973 0.10256410256410256 0.03418803418803419 0.05860805860805861
0 0.056776556776556776 0.08058608058608059 0.040293040293040296 0.054945054945054944
0 0.027472527472527472 0.14285714285714285 0.052503052503052504 0.05860805860805861
0 0.038461538461538464 0.31043956043956045 0.047619047619047616 0.06043956043956044
0 0.07387057387057387 0.2957875457875458 0.047619047619047616 0.07142857142857142
0 0.14285714285714285 0.2976190476190476 0.05372405372405373 0.0641025641025641
0 0.11660561660561661 0.3543956043956044 0.045177045177045176 0.07142857142857142
0 0.045787545787545784 0.43040293040293043 0.054945054945054944 0.07692307692307693
0 0.08852258852258853 0.4697802197802198 0.042735042735042736 0.07875457875457875
0 0.12393162393162394 0.46794871794871795 0.042735042735042736 0.08608058608058608
0 0.1617826617826618 0.4478021978021978 0.050061050061050064 0.07142857142857142
0 0.08485958485958486 0.5695970695970696 0.054945054945054944 0.07326007326007326
0 0.10927960927960928 0.6190476190476191 0.042735042735042736 0.07692307692307693
0 0.13186813186813187 0.6007326007326007 0.04395604395604396 0.06593406593406594
0 0.16605616605616605 0.5467032967032966 0.0463980463980464 0.06043956043956044
0 0.08241758241758242 0.7115384615384616 0.057387057387057384 0.0641025641025641
0 0.15262515262515264 0.7060439560439561 0.04884004884004884 0.0641025641025641
0 0.2026862026862027 0.04395604395604396 0.04395604395604396 0.054945054945054944
0 0.27350427350427353 0.03021978021978022 0.0463980463980464 0.056776556776556776
0 0.2771672771672772 0.08058608058608059 0.03907203907203907 0.047619047619047616
