1 0.12148962148962149 0.22527472527472528 0.028083028083028084 0.04395604395604396
1 0.1514041514041514 0.2564102564102564 0.03418803418803419 0.054945054945054944
1 0.18986568986568986 0.3021978021978022 0.028083028083028084 0.03663003663003663
1 0.21550671550671552 0.31776556776556775 0.018315018315018316 0.0347985347985348
1 0.2661782661782662 0.3727106227106227 0.026862026862026864 0.038461538461538464
1 0.3125763125763126 0.4166666666666667 0.026862026862026864 0.038461538461538464
1 0.34065934065934067 0.44871794871794873 0.02442002442002442 0.047619047619047616
1 0.3608058608058608 0.4661172161172161 0.0231990231990232 0.04945054945054945
1 0.40231990231990233 0.49542124542124544 0.040293040293040296 0.07142857142857142
1 0.4346764346764347 0.5457875457875457 0.03907203907203907 0.054945054945054944
1 0.4816849816849817 0.19230769230769232 0.02564102564102564 0.04395604395604396
1 0.5134310134310134 0.22344322344322345 0.03785103785103785 0.0695970695970696
1 0.44871794871794873 0.26282051282051283 0.018315018315018316 0.031135531135531136
1 0.8290598290598291 0.09157509157509157 0.019536019536019536 0.040293040293040296
1 0.8076923076923077 0.11172161172161173 0.02564102564102564 0.04395604395604396
1 0.8327228327228328 0.1382783882783883 0.02442002442002442 0.038461538461538464
1 0.9456654456654456 0.1575091575091575 0.028083028083028084 0.040293040293040296
1 0.7142857142857143 0.6868131868131868 0.029304029304029304 0.040293040293040296
1 0.2771672771672772 0.674908424908425 0.031746031746031744 0.04212454212454213
1 0.8058608058608059 0.32967032967032966 0.029304029304029304 0.05128205128205128
1 0.8363858363858364 0.3305860805860806 0.03418803418803419 0.05311355311355311
1 0.8748473748473748 0.3415750915750916 0.03540903540903541 0.04945054945054945
1 0.9065934065934066 0.3434065934065934 0.03296703296703297 0.056776556776556776
0 0.14346764346764346 0.12637362637362637 0.052503052503052504 0.07326007326007326
0 0.1221001221001221 0.07417582417582418 0.04151404151404151 0.056776556776556776
0 0.24358974358974358 0.19413919413919414 0.03540903540903541 0.06593406593406594
0 0.2686202686202686 0.22527472527472528 0.04395604395604396 0.054945054945054944
0 0.315018315018315 0.2032967032967033 0.04395604395604396 0.08058608058608059
0 0.2777777777777778 0.2875457875457875 0.047619047619047616 0.06593406593406594
0 0.23382173382173382 0.2902930402930403 0.045177045177045176 0.0641025641025641
0 0.20695970695970695 0.07967032967032966 0.03540903540903541 0.056776556776556776
0 0.2454212454212454 0.08516483516483517 0.03663003663003663 0.07509157509157509
0 0.23931623931623933 0.8644688644688645 0.05616605616605617 0.06227106227106227
0 0.10317460317460317 0.815018315018315 0.042735042735042736 0.07326007326007326
0 0.1446886446886447 0.8424908424908425 0.042735042735042736 0.06593406593406594
0 0.06288156288156288 0.7042124542124543 0.040293040293040296 0.06043956043956044
0 0.04151404151404151 0.7554945054945055 0.0463980463980464 0.0641025641025641
0 0.05128205128205128 0.8269230769230769 0.05860805860805861 0.07509157509157509
0 0.09584859584859586 0.6108058608058609 0.045177045177045176 0.0641025641025641
0 0.13247863247863248 0.6373626373626373 0.045177045177045176 0.05860805860805861
0 0.18192918192918192 0.6016483516483516 0.03907203907203907 0.07875457875457875
0 0.19108669108669107 0.684981684981685 0.045177045177045176 0.08058608058608059
0 0.2576312576312576 0.717948717948718 0.03663003663003663 0.06227106227106227
0 0.3028083028083028 0.6245421245421245 0.05128205128205128 0.06227106227106227
