1 0.6733821733821734 0.6282051282051282 0.03296703296703297 0.04395604395604396
1 0.4731379731379731 0.7326007326007326 0.045177045177045176 0.047619047619047616
1 0.7826617826617827 0.7884615384615384 0.03418803418803419 0.045787545787545784
0 0.3705738705738706 0.31043956043956045 0.054945054945054944 0.0641025641025641
0 0.47557997557997556 0.31227106227106227 0.045177045177045176 0.0641025641025641
0 0.42857142857142855 0.315018315018315 0.04151404151404151 0.05860805860805861
0 0.41514041514041516 0.3974358974358974 0.05616605616605617 0.07326007326007326
0 0.46642246642246643 0.3956043956043956 0.04884004884004884 0.08791208791208792
0 0.590964590964591 0.10073260073260074 0.04151404151404151 0.05860805860805861
0 0.5915750915750916 0.15476190476190477 0.050061050061050064 0.0641025641025641
