1 0.27533577533577536 0.29395604395604397 0.02564102564102564 0.0347985347985348
1 0.6398046398046398 0.3782051282051282 0.02442002442002442 0.038461538461538464
1 0.6575091575091575 0.4267399267399267 0.028083028083028084 0.047619047619047616
1 0.6190476190476191 0.5448717948717948 0.026862026862026864 0.04212454212454213
1 0.6507936507936508 0.6025641025641025 0.029304029304029304 0.04395604395604396
1 0.9145299145299145 0.7032967032967034 0.029304029304029304 0.04395604395604396
1 0.6672771672771672 0.5073260073260073 0.02564102564102564 0.04395604395604396
1 0.7197802197802198 0.5384615384615384 0.028083028083028084 0.03663003663003663
1 0.6971916971916972 0.4935897435897436 0.026862026862026864 0.04212454212454213
1 0.6727716727716728 0.5668498168498168 0.02442002442002442 0.0347985347985348
1 0.6855921855921856 0.5998168498168498 0.02564102564102564 0.04212454212454213
