0 0.15262515262515264 0.9487179487179487 0.03663003663003663 0.06227106227106227
0 0.18925518925518925 0.9624542124542125 0.04395604395604396 0.06043956043956044
0 0.10805860805860806 0.8901098901098901 0.030525030525030524 0.05128205128205128
0 0.12759462759462759 0.8461538461538461 0.045177045177045176 0.07326007326007326
0 0.19047619047619047 0.9084249084249084 0.0463980463980464 0.054945054945054944
0 0.19597069597069597 0.8635531135531136 0.045177045177045176 0.056776556776556776
0 0.163003663003663 0.8534798534798534 0.045177045177045176 0.05860805860805861
0 0.1562881562881563 0.7802197802197802 0.03418803418803419 0.06593406593406594
0 0.19352869352869354 0.7738095238095238 0.045177045177045176 0.07509157509157509
0 0.24786324786324787 0.684981684981685 0.05372405372405373 0.07326007326007326
0 0.24053724053724054 0.7362637362637363 0.05128205128205128 0.06593406593406594
0 0.24053724053724054 0.7939560439560439 0.03907203907203907 0.056776556776556776
0 0.27167277167277165 0.7957875457875457 0.045177045177045176 0.06776556776556776
0 0.23443223443223443 0.8598901098901099 0.03418803418803419 0.06043956043956044
0 0.26434676434676435 0.8635531135531136 0.042735042735042736 0.056776556776556776
0 0.2967032967032967 0.7326007326007326 0.05372405372405373 0.06593406593406594
0 0.14346764346764346 0.7115384615384616 0.057387057387057384 0.08241758241758242
0 0.11965811965811966 0.7564102564102564 0.031746031746031744 0.07326007326007326
0 0.1398046398046398 0.6217948717948718 0.05982905982905983 0.06776556776556776
0 0.1343101343101343 0.5521978021978022 0.04151404151404151 0.08241758241758242
0 0.17643467643467645 0.5631868131868132 0.045177045177045176 0.07875457875457875
