0 0.0231990231990232 0.6794871794871795 0.03418803418803419 0.047619047619047616
0 0.051892551892551896 0.6776556776556777 0.040293040293040296 0.06227106227106227
0 0.0989010989010989 0.6785714285714286 0.03907203907203907 0.04945054945054945
0 0.2271062271062271 0.7326007326007326 0.03663003663003663 0.04395604395604396
0 0.2564102564102564 0.7252747252747253 0.031746031746031744 0.06227106227106227
0 0.24053724053724054 0.6510989010989011 0.05616605616605617 0.0641025641025641
0 0.19230769230769232 0.5915750915750916 0.042735042735042736 0.05860805860805861
0 0.2039072039072039 0.5293040293040293 0.04151404151404151 0.05128205128205128
0 0.22527472527472528 0.5815018315018315 0.040293040293040296 0.06776556776556776
0 0.2576312576312576 0.5787545787545788 0.0463980463980464 0.06227106227106227
0 0.28876678876678874 0.6098901098901099 0.052503052503052504 0.0695970695970696
0 0.31013431013431014 0.5521978021978022 0.0463980463980464 0.07875457875457875
0 0.20573870573870573 0.4056776556776557 0.03540903540903541 0.0641025641025641
0 0.23687423687423687 0.40293040293040294 0.04884004884004884 0.05860805860805861
0 0.24053724053724054 0.3534798534798535 0.04151404151404151 0.047619047619047616
0 0.29120879120879123 0.36355311355311354 0.047619047619047616 0.08241758241758242
0 0.3308913308913309 0.36813186813186816 0.04884004884004884 0.07326007326007326
0 0.36324786324786323 0.36996336996337 0.03785103785103785 0.06593406593406594
0 0.398046398046398 0.37637362637362637 0.03907203907203907 0.04945054945054945
0 0.3986568986568987 0.44505494505494503 0.054945054945054944 0.06593406593406594
0 0.34615384615384615 0.44047619047619047 0.045177045177045176 0.06043956043956044
0 0.35714285714285715 0.5283882783882784 0.040293040293040296 0.06776556776556776
0 0.39133089133089133 0.4981684981684982 0.03785103785103785 0.05860805860805861
0 0.2960927960927961 0.43772893772893773 0.045177045177045176 0.07326007326007326
0 0.3144078144078144 0.4826007326007326 0.042735042735042736 0.06043956043956044
0 0.3894993894993895 0.5659340659340659 0.03907203907203907 0.05860805860805861
0 0.3992673992673993 0.6272893772893773 0.0463980463980464 0.06776556776556776
0 0.3492063492063492 0.6327838827838828 0.03663003663003663 0.056776556776556776
0 0.3333333333333333 0.717948717948718 0.04884004884004884 0.07326007326007326
0 0.4468864468864469 0.6391941391941391 0.04884004884004884 0.0695970695970696
0 0.4432234432234432 0.5796703296703297 0.03907203907203907 0.056776556776556776
0 0.44932844932844934 0.5192307692307693 0.04395604395604396 0.06776556776556776
0 0.49145299145299143 0.5421245421245421 0.045177045177045176 0.07326007326007326
0 0.4597069597069597 0.44505494505494503 0.047619047619047616 0.07692307692307693
0 0.5 0.4358974358974359 0.050061050061050064 0.05860805860805861
0 0.5341880341880342 0.45054945054945056 0.045177045177045176 0.07326007326007326
0 0.5763125763125763 0.45879120879120877 0.05616605616605617 0.07142857142857142
0 0.5256410256410257 0.5256410256410257 0.042735042735042736 0.0695970695970696
0 0.5726495726495726 0.5384615384615384 0.05128205128205128 0.07326007326007326
0 0.41514041514041516 0.7463369963369964 0.03418803418803419 0.045787545787545784
0 0.5732600732600732 0.6446886446886447 0.030525030525030524 0.05128205128205128
0 0.6538461538461539 0.6547619047619048 0.050061050061050064 0.07142857142857142
0 0.6684981684981685 0.489010989010989 0.042735042735042736 0.054945054945054944
0 0.8162393162393162 0.6813186813186813 0.040293040293040296 0.054945054945054944
0 0.8638583638583639 0.7371794871794872 0.03785103785103785 0.06776556776556776
0 0.9371184371184371 0.6098901098901099 0.050061050061050064 0.06227106227106227
0 0.9297924297924298 0.5494505494505495 0.030525030525030524 0.04395604395604396
0 0.9798534798534798 0.5521978021978022 0.040293040293040296 0.06776556776556776
0 0.9822954822954822 0.7014652014652014 0.03540903540903541 0.06593406593406594
0 0.945054945054945 0.760989010989011 0.05128205128205128 0.06043956043956044
0 0.8943833943833944 0.7948717948717948 0.050061050061050064 0.06227106227106227
0 0.9407814407814408 0.8012820512820513 0.03785103785103785 0.045787545787545784
0 0.9047619047619048 0.8571428571428571 0.05372405372405373 0.0695970695970696
0 0.02564102564102564 0.4157509157509158 0.04151404151404151 0.05128205128205128
0 0.08485958485958486 0.5512820512820513 0.045177045177045176 0.047619047619047616
1 0.9169719169719169 0.16483516483516483 0.03907203907203907 0.05128205128205128
1 0.9163614163614163 0.21062271062271062 0.030525030525030524 0.040293040293040296
1 0.9664224664224664 0.21245421245421245 0.03785103785103785 0.040293040293040296
