0 0.10683760683760683 0.15293040293040294 0.045177045177045176 0.06776556776556776
0 0.0695970695970696 0.14743589743589744 0.0463980463980464 0.07875457875457875
0 0.02442002442002442 0.1794871794871795 0.0463980463980464 0.0695970695970696
0 0.027472527472527472 0.2765567765567766 0.042735042735042736 0.06227106227106227
0 0.10561660561660562 0.2838827838827839 0.050061050061050064 0.06227106227106227
0 0.17582417582417584 0.2857142857142857 0.05128205128205128 0.0695970695970696
0 0.12637362637362637 0.1978021978021978 0.042735042735042736 0.06227106227106227
0 0.18864468864468864 0.12545787545787546 0.050061050061050064 0.0641025641025641
0 0.10744810744810745 0.04487179487179487 0.06105006105006105 0.07509157509157509
0 0.06105006105006105 0.07783882783882784 0.0463980463980464 0.0641025641025641
0 0.1752136752136752 0.03296703296703297 0.050061050061050064 0.054945054945054944
0 0.1978021978021978 0.18406593406593408 0.04151404151404151 0.07142857142857142
0 0.17765567765567766 0.586996336996337 0.047619047619047616 0.0641025641025641
1 0.6288156288156288 0.7380952380952381 0.026862026862026864 0.040293040293040296
1 0.6043956043956044 0.7664835164835165 0.02442002442002442 0.04212454212454213
1 0.57997557997558 0.76007326007326 0.026862026862026864 0.040293040293040296
1 0.5598290598290598 0.782967032967033 0.030525030525030524 0.04212454212454213
1 0.5231990231990232 0.7994505494505495 0.018315018315018316 0.038461538461538464
1 0.4884004884004884 0.7967032967032966 0.029304029304029304 0.040293040293040296
1 0.46153846153846156 0.8003663003663004 0.026862026862026864 0.04395604395604396
1 0.4346764346764347 0.8058608058608059 0.02197802197802198 0.040293040293040296
1 0.3968253968253968 0.8205128205128205 0.026862026862026864 0.040293040293040296
1 0.36874236874236876 0.8241758241758241 0.02197802197802198 0.03663003663003663
1 0.25396825396825395 0.8333333333333334 0.026862026862026864 0.054945054945054944
1 0.21978021978021978 0.5943223443223443 0.029304029304029304 0.038461538461538464
1 0.08485958485958486 0.9166666666666666 0.040293040293040296 0.0347985347985348
1 0.05555555555555555 0.6730769230769231 0.03296703296703297 0.04945054945054945
1 0.056776556776556776 0.6025641025641025 0.030525030525030524 0.06593406593406594
1 0.04700854700854701 0.47893772893772896 0.03785103785103785 0.08974358974358974
1 0.09645909645909646 0.34523809523809523 0.02442002442002442 0.04212454212454213
1 0.13125763125763126 0.33882783882783885 0.028083028083028084 0.04395604395604396
1 0.2557997557997558 0.29945054945054944 0.028083028083028084 0.045787545787545784
1 0.30036630036630035 0.2774725274725275 0.026862026862026864 0.038461538461538464
1 0.25213675213675213 0.24633699633699635 0.03785103785103785 0.056776556776556776
1 0.24664224664224665 0.16666666666666666 0.04151404151404151 0.05860805860805861
1 0.24358974358974358 0.11355311355311355 0.03540903540903541 0.054945054945054944
1 0.24053724053724054 0.06318681318681318 0.03418803418803419 0.04212454212454213
1 0.32905982905982906 0.8415750915750916 0.03296703296703297 0.04945054945054945
1 0.514041514041514 0.9358974358974359 0.031746031746031744 0.054945054945054944
1 0.5653235653235653 0.9423076923076923 0.03907203907203907 0.05311355311355311
1 0.6605616605616605 0.8763736263736264 0.02442002442002442 0.038461538461538464
1 0.12576312576312576 0.8928571428571429 0.0463980463980464 0.04945054945054945
1 0.01098901098901099 0.9386446886446886 0.019536019536019536 0.045787545787545784
1 0.3522588522588523 0.26465201465201466 0.030525030525030524 0.038461538461538464
