1 0.10989010989010989 0.5934065934065934 0.026862026862026864 0.040293040293040296
1 0.11233211233211234 0.5183150183150184 0.029304029304029304 0.03663003663003663
1 0.10927960927960928 0.47893772893772896 0.030525030525030524 0.04212454212454213
1 0.3986568986568987 0.32783882783882784 0.030525030525030524 0.04395604395604396
1 0.4352869352869353 0.3516483516483517 0.030525030525030524 0.04395604395604396
1 0.5836385836385837 0.12179487179487179 0.02442002442002442 0.045787545787545784
1 0.6031746031746031 0.12179487179487179 0.02442002442002442 0.045787545787545784
1 0.652014652014652 0.15842490842490842 0.029304029304029304 0.038461538461538464
1 0.688034188034188 0.1987179487179487 0.028083028083028084 0.0347985347985348
1 0.49511599511599513 0.3956043956043956 0.030525030525030524 0.040293040293040296
1 0.47680097680097683 0.4358974358974359 0.02564102564102564 0.040293040293040296
1 0.4981684981684982 0.42857142857142855 0.026862026862026864 0.040293040293040296
1 0.5305250305250305 0.41025641025641024 0.0231990231990232 0.04395604395604396
1 0.5543345543345544 0.4184981684981685 0.02442002442002442 0.04212454212454213
1 0.5897435897435898 0.4716117216117216 0.029304029304029304 0.045787545787545784
1 0.6501831501831502 0.575091575091575 0.02564102564102564 0.03663003663003663
1 0.6495726495726496 0.5210622710622711 0.026862026862026864 0.04212454212454213
1 0.590964590964591 0.5714285714285714 0.029304029304029304 0.04395604395604396
1 0.4230769230769231 0.7124542124542125 0.02564102564102564 0.040293040293040296
1 0.1862026862026862 0.9652014652014652 0.028083028083028084 0.03663003663003663
1 0.23992673992673993 0.8397435897435898 0.028083028083028084 0.04212454212454213
1 0.23992673992673993 0.902014652014652 0.020757020757020756 0.0347985347985348
1 0.26373626373626374 0.956959706959707 0.029304029304029304 0.04212454212454213
1 0.2954822954822955 0.9587912087912088 0.019536019536019536 0.0347985347985348
1 0.6001221001221001 0.8992673992673993 0.02564102564102564 0.03663003663003663
1 0.5805860805860806 0.9597069597069597 0.028083028083028084 0.03663003663003663
1 0.684981684981685 0.6776556776556777 0.02442002442002442 0.047619047619047616
1 0.7252747252747253 0.5824175824175825 0.026862026862026864 0.04395604395604396
1 0.753968253968254 0.4816849816849817 0.030525030525030524 0.05128205128205128
1 0.7771672771672772 0.4423076923076923 0.02564102564102564 0.045787545787545784
1 0.796092796092796 0.3836996336996337 0.02197802197802198 0.045787545787545784
1 0.8272283272283272 0.2271062271062271 0.030525030525030524 0.047619047619047616
1 0.8626373626373627 0.4926739926739927 0.03785103785103785 0.05128205128205128
1 0.8504273504273504 0.5457875457875457 0.03296703296703297 0.040293040293040296
1 0.887057387057387 0.5357142857142857 0.028083028083028084 0.04945054945054945
1 0.9151404151404151 0.5164835164835165 0.03296703296703297 0.03663003663003663
0 0.22466422466422467 0.4807692307692308 0.04884004884004884 0.056776556776556776
0 0.27350427350427353 0.3598901098901099 0.031746031746031744 0.06043956043956044
0 0.2490842490842491 0.5384615384615384 0.03418803418803419 0.05128205128205128
0 0.28998778998779 0.5604395604395604 0.03785103785103785 0.06227106227106227
0 0.2979242979242979 0.5 0.031746031746031744 0.054945054945054944
0 0.3528693528693529 0.5778388278388278 0.04395604395604396 0.045787545787545784
0 0.36385836385836384 0.4633699633699634 0.04395604395604396 0.054945054945054944
0 0.41147741147741146 0.4542124542124542 0.0463980463980464 0.07326007326007326
0 0.4133089133089133 0.5558608058608059 0.040293040293040296 0.056776556776556776
0 0.40415140415140416 0.6117216117216118 0.04884004884004884 0.04395604395604396
0 0.4603174603174603 0.5860805860805861 0.031746031746031744 0.047619047619047616
0 0.5091575091575091 0.6254578754578755 0.0463980463980464 0.0641025641025641
0 0.4932844932844933 0.7518315018315018 0.03418803418803419 0.05311355311355311
0 0.39438339438339437 0.7472527472527473 0.03663003663003663 0.05860805860805861
0 0.4474969474969475 0.7728937728937729 0.030525030525030524 0.054945054945054944
0 0.4713064713064713 0.8397435897435898 0.03418803418803419 0.04945054945054945
0 0.5634920634920635 0.7948717948717948 0.050061050061050064 0.05860805860805861
0 0.6367521367521367 0.7408424908424909 0.040293040293040296 0.0641025641025641
0 0.6062271062271062 0.6227106227106227 0.040293040293040296 0.054945054945054944
0 0.3046398046398046 0.7554945054945055 0.03785103785103785 0.0641025641025641
0 0.322954822954823 0.8141025641025641 0.045177045177045176 0.06043956043956044
0 0.33577533577533575 0.9075091575091575 0.03663003663003663 0.05311355311355311
0 0.3315018315018315 0.9468864468864469 0.045177045177045176 0.04395604395604396
0 0.3235653235653236 0.6794871794871795 0.03663003663003663 0.05860805860805861
0 0.36568986568986567 0.674908424908425 0.03540903540903541 0.0641025641025641
0 0.8076923076923077 0.6172161172161172 0.047619047619047616 0.08424908424908426
0 0.7881562881562881 0.6877289377289377 0.042735042735042736 0.06043956043956044
0 0.8125763125763126 0.76007326007326 0.045177045177045176 0.05128205128205128
0 0.8608058608058609 0.6117216117216118 0.05128205128205128 0.07326007326007326
0 0.9652014652014652 0.652014652014652 0.03540903540903541 0.05860805860805861
0 0.7417582417582418 0.8653846153846154 0.042735042735042736 0.06776556776556776
0 0.7954822954822954 0.858058608058608 0.030525030525030524 0.056776556776556776
0 0.6593406593406593 0.05860805860805861 0.03907203907203907 0.06593406593406594
1 0.9413919413919414 0.24267399267399267 0.03663003663003663 0.06043956043956044
1 0.9023199023199023 0.358974358974359 0.029304029304029304 0.047619047619047616
1 0.28876678876678874 0.6657509157509157 0.0231990231990232 0.04945054945054945
0 0.7582417582417582 0.06776556776556776 0.03907203907203907 0.047619047619047616
0 0.978021978021978 0.7756410256410257 0.03907203907203907 0.05311355311355311
0 0.7875457875457875 0.9441391941391941 0.03663003663003663 0.05311355311355311
