1 0.16056166056166057 0.3241758241758242 0.03296703296703297 0.05860805860805861
1 0.1623931623931624 0.15934065934065933 0.03418803418803419 0.047619047619047616
1 0.17155067155067155 0.0989010989010989 0.03540903540903541 0.05128205128205128
1 0.11172161172161173 0.5155677655677655 0.03540903540903541 0.04212454212454213
1 0.09218559218559219 0.5402930402930403 0.03540903540903541 0.03663003663003663
1 0.031135531135531136 0.5705128205128205 0.030525030525030524 0.038461538461538464
1 0.029304029304029304 0.6584249084249084 0.02442002442002442 0.0347985347985348
1 0.07814407814407814 0.717032967032967 0.031746031746031744 0.045787545787545784
1 0.09584859584859586 0.8159340659340659 0.03540903540903541 0.04945054945054945
1 0.31135531135531136 0.4551282051282051 0.031746031746031744 0.045787545787545784
1 0.3766788766788767 0.4606227106227106 0.030525030525030524 0.04212454212454213
0 0.38705738705738707 0.532051282051282 0.05128205128205128 0.0641025641025641
0 0.3956043956043956 0.152014652014652 0.04395604395604396 0.05860805860805861
0 0.31929181929181927 0.14102564102564102 0.042735042735042736 0.06593406593406594
0 0.2777777777777778 0.1978021978021978 0.040293040293040296 0.06593406593406594
0 0.3131868131868132 0.19688644688644688 0.040293040293040296 0.06043956043956044
0 0.34493284493284493 0.1978021978021978 0.028083028083028084 0.06227106227106227
0 0.3894993894993895 0.21245421245421245 0.0463980463980464 0.06227106227106227
0 0.39255189255189255 0.27014652014652013 0.047619047619047616 0.07142857142857142
0 0.304029304029304 0.25 0.05372405372405373 0.07142857142857142
0 0.30097680097680096 0.31043956043956045 0.03785103785103785 0.06043956043956044
0 0.33943833943833945 0.35805860805860806 0.04884004884004884 0.0641025641025641
0 0.362026862026862 0.413003663003663 0.050061050061050064 0.0641025641025641
0 0.4230769230769231 0.38278388278388276 0.045177045177045176 0.07692307692307693
0 0.4603174603174603 0.3424908424908425 0.03418803418803419 0.047619047619047616
0 0.4932844932844933 0.3434065934065934 0.03663003663003663 0.05311355311355311
0 0.5482295482295483 0.4441391941391941 0.04151404151404151 0.06776556776556776
0 0.5921855921855922 0.45146520146520147 0.029304029304029304 0.04212454212454213
0 0.5482295482295483 0.3772893772893773 0.03418803418803419 0.054945054945054944
0 0.5757020757020757 0.63003663003663 0.03540903540903541 0.054945054945054944
0 0.45604395604395603 0.6254578754578755 0.054945054945054944 0.06776556776556776
0 0.49511599511599513 0.7005494505494505 0.042735042735042736 0.06043956043956044
0 0.5402930402930403 0.6941391941391941 0.03785103785103785 0.05128205128205128
0 0.5305250305250305 0.7472527472527473 0.03785103785103785 0.047619047619047616
0 0.4554334554334554 0.7463369963369964 0.04395604395604396 0.0641025641025641
0 0.442002442002442 0.8067765567765568 0.03663003663003663 0.045787545787545784
0 0.49145299145299143 0.8021978021978022 0.047619047619047616 0.06227106227106227
0 0.4884004884004884 0.8644688644688645 0.03907203907203907 0.047619047619047616
0 0.44505494505494503 0.8626373626373627 0.047619047619047616 0.06227106227106227
0 0.40415140415140416 0.9148351648351648 0.029304029304029304 0.038461538461538464
0 0.41025641025641024 0.7445054945054945 0.0463980463980464 0.0641025641025641
0 0.41086691086691085 0.6868131868131868 0.052503052503052504 0.05860805860805861
0 0.36996336996337 0.6840659340659341 0.04395604395604396 0.056776556776556776
0 0.32967032967032966 0.5970695970695971 0.04395604395604396 0.054945054945054944
0 0.3083028083028083 0.6282051282051282 0.045177045177045176 0.06593406593406594
0 0.2905982905982906 0.5247252747252747 0.04151404151404151 0.056776556776556776
0 0.25335775335775335 0.7289377289377289 0.047619047619047616 0.06593406593406594
0 0.026251526251526252 0.5119047619047619 0.050061050061050064 0.06043956043956044
0 0.05555555555555555 0.47619047619047616 0.047619047619047616 0.054945054945054944
0 0.09401709401709402 0.434981684981685 0.05128205128205128 0.06043956043956044
0 0.08974358974358974 0.3782051282051282 0.047619047619047616 0.05311355311355311
0 0.04395604395604396 0.38186813186813184 0.05372405372405373 0.06043956043956044
0 0.08241758241758242 0.32234432234432236 0.042735042735042736 0.054945054945054944
0 0.11721611721611722 0.32051282051282054 0.04151404151404151 0.047619047619047616
0 0.1282051282051282 0.26373626373626374 0.05372405372405373 0.05860805860805861
0 0.07692307692307693 0.27380952380952384 0.0463980463980464 0.05311355311355311
0 0.03724053724053724 0.27472527472527475 0.040293040293040296 0.05860805860805861
0 0.04700854700854701 0.21794871794871795 0.047619047619047616 0.0695970695970696
0 0.08974358974358974 0.20695970695970695 0.042735042735042736 0.05128205128205128
0 0.12637362637362637 0.20604395604395603 0.042735042735042736 0.04945054945054945
0 0.054945054945054944 0.15018315018315018 0.04395604395604396 0.047619047619047616
0 0.04456654456654457 0.07783882783882784 0.03785103785103785 0.056776556776556776
0 0.08058608058608059 0.08791208791208792 0.03907203907203907 0.06593406593406594
0 0.1221001221001221 0.08608058608058608 0.0463980463980464 0.0695970695970696
0 0.12698412698412698 0.03388278388278388 0.0463980463980464 0.0641025641025641
0 0.08852258852258853 0.03571428571428571 0.042735042735042736 0.06776556776556776
1 0.3504273504273504 0.07692307692307693 0.02442002442002442 0.04395604395604396
1 0.16117216117216118 0.38095238095238093 0.03663003663003663 0.04395604395604396
