0 0.02442002442002442 0.08882783882783883 0.0463980463980464 0.07142857142857142
0 0.08302808302808302 0.17307692307692307 0.04151404151404151 0.05311355311355311
0 0.09523809523809523 0.22435897435897437 0.0463980463980464 0.06043956043956044
0 0.13247863247863248 0.30036630036630035 0.045177045177045176 0.05860805860805861
0 0.2442002442002442 0.3983516483516483 0.05616605616605617 0.06776556776556776
0 0.09035409035409035 0.4139194139194139 0.05128205128205128 0.054945054945054944
0 0.04822954822954823 0.3956043956043956 0.03540903540903541 0.04395604395604396
0 0.06105006105006105 0.3324175824175824 0.04395604395604396 0.05311355311355311
0 0.057997557997558 0.48534798534798534 0.040293040293040296 0.0695970695970696
0 0.14896214896214896 0.5146520146520146 0.05372405372405373 0.0695970695970696
0 0.28876678876678874 0.5613553113553114 0.042735042735042736 0.05311355311355311
0 0.28815628815628813 0.5073260073260073 0.04395604395604396 0.054945054945054944
0 0.06593406593406594 0.6932234432234432 0.05616605616605617 0.056776556776556776
0 0.054334554334554336 0.7417582417582418 0.047619047619047616 0.06227106227106227
0 0.02197802197802198 0.7967032967032966 0.04151404151404151 0.05860805860805861
0 0.503052503052503 0.5045787545787546 0.05128205128205128 0.0641025641025641
0 0.5079365079365079 0.44047619047619047 0.05372405372405373 0.06043956043956044
0 0.5317460317460317 0.38644688644688646 0.047619047619047616 0.07326007326007326
0 0.5396825396825397 0.3269230769230769 0.03907203907203907 0.056776556776556776
0 0.5677655677655677 0.23443223443223443 0.03418803418803419 0.054945054945054944
0 0.5811965811965812 0.17582417582417584 0.04151404151404151 0.05128205128205128
0 0.6037851037851037 0.25274725274725274 0.040293040293040296 0.06227106227106227
0 0.5873015873015873 0.2967032967032967 0.03907203907203907 0.054945054945054944
0 0.57997557997558 0.35622710622710624 0.04395604395604396 0.06043956043956044
0 0.5659340659340659 0.41208791208791207 0.040293040293040296 0.05860805860805861
0 0.5518925518925519 0.4706959706959707 0.0463980463980464 0.05128205128205128
0 0.5421245421245421 0.5302197802197802 0.0463980463980464 0.0641025641025641
0 0.5757020757020757 0.5485347985347986 0.040293040293040296 0.0641025641025641
0 0.6105006105006106 0.5741758241758241 0.04151404151404151 0.0641025641025641
0 0.6440781440781441 0.586996336996337 0.042735042735042736 0.0641025641025641
1 0.2606837606837607 0.16575091575091574 0.028083028083028084 0.04212454212454213
1 0.351037851037851 0.09706959706959707 0.030525030525030524 0.040293040293040296
1 0.31807081807081805 0.22435897435897437 0.03540903540903541 0.04212454212454213
1 0.18925518925518925 0.20054945054945056 0.029304029304029304 0.05311355311355311
1 0.2869352869352869 0.434981684981685 0.031746031746031744 0.0641025641025641
1 0.08424908424908426 0.652014652014652 0.026862026862026864 0.03663003663003663
1 0.24847374847374848 0.7115384615384616 0.03296703296703297 0.04212454212454213
1 0.315018315018315 0.73992673992674 0.03663003663003663 0.04395604395604396
1 0.42185592185592186 0.7893772893772893 0.03540903540903541 0.047619047619047616
1 0.463980463980464 0.815018315018315 0.029304029304029304 0.047619047619047616
1 0.47985347985347987 0.7976190476190477 0.04395604395604396 0.0347985347985348
1 0.5213675213675214 0.8223443223443223 0.029304029304029304 0.04395604395604396
1 0.5500610500610501 0.8342490842490843 0.030525030525030524 0.04212454212454213
1 0.7271062271062271 0.7967032967032966 0.03540903540903541 0.04395604395604396
1 0.9072039072039072 0.6767399267399268 0.04395604395604396 0.06043956043956044
1 0.9340659340659341 0.7316849816849816 0.03418803418803419 0.056776556776556776
1 0.9768009768009768 0.7728937728937729 0.0463980463980464 0.0695970695970696
