1 0.9517704517704517 0.027472527472527472 0.030525030525030524 0.047619047619047616
1 0.9645909645909646 0.3141025641025641 0.03418803418803419 0.045787545787545784
1 0.974969474969475 0.684981684981685 0.028083028083028084 0.06227106227106227
1 0.4017094017094017 0.9285714285714286 0.029304029304029304 0.04395604395604396
1 0.32905982905982906 0.2316849816849817 0.02564102564102564 0.05311355311355311
1 0.06471306471306472 0.08974358974358974 0.03663003663003663 0.05128205128205128
1 0.051892551892551896 0.1108058608058608 0.028083028083028084 0.04212454212454213
1 0.061660561660561664 0.5238095238095238 0.03296703296703297 0.04395604395604396
1 0.10195360195360195 0.5613553113553114 0.030525030525030524 0.04945054945054945
1 0.12454212454212454 0.5998168498168498 0.02197802197802198 0.038461538461538464
1 0.0873015873015873 0.597985347985348 0.03296703296703297 0.031135531135531136
1 0.016483516483516484 0.5091575091575091 0.028083028083028084 0.03663003663003663
1 0.36324786324786323 0.6858974358974359 0.030525030525030524 0.0641025641025641
1 0.1807081807081807 0.8104395604395604 0.02442002442002442 0.031135531135531136
1 0.026862026862026864 0.8443223443223443 0.03907203907203907 0.040293040293040296
1 0.04945054945054945 0.9111721611721612 0.030525030525030524 0.045787545787545784
1 0.4706959706959707 0.9386446886446886 0.030525030525030524 0.04212454212454213
1 0.652014652014652 0.8287545787545788 0.029304029304029304 0.05311355311355311
1 0.6007326007326007 0.3507326007326007 0.04151404151404151 0.04945054945054945
1 0.17216117216117216 0.7445054945054945 0.03663003663003663 0.04945054945054945
1 0.14896214896214896 0.7921245421245421 0.03907203907203907 0.038461538461538464
1 0.21001221001221002 0.7454212454212454 0.029304029304029304 0.040293040293040296
1 0.35836385836385837 0.9642857142857143 0.03785103785103785 0.056776556776556776
