0 0.27472527472527475 0.8644688644688645 0.03663003663003663 0.05128205128205128
0 0.33760683760683763 0.7710622710622711 0.050061050061050064 0.07326007326007326
0 0.405982905982906 0.6978021978021978 0.045177045177045176 0.06593406593406594
0 0.48595848595848595 0.7023809523809523 0.0463980463980464 0.0641025641025641
0 0.5506715506715507 0.6282051282051282 0.04884004884004884 0.06593406593406594
0 0.36385836385836384 0.8836996336996337 0.04151404151404151 0.056776556776556776
0 0.3443223443223443 0.956959706959707 0.04395604395604396 0.0641025641025641
0 0.2948717948717949 0.9258241758241759 0.052503052503052504 0.06776556776556776
0 0.6001221001221001 0.5934065934065934 0.045177045177045176 0.0695970695970696
0 0.6092796092796092 0.6575091575091575 0.0463980463980464 0.0695970695970696
0 0.6654456654456654 0.5512820512820513 0.03663003663003663 0.06227106227106227
0 0.5537240537240538 0.7664835164835165 0.03785103785103785 0.06776556776556776
0 0.5793650793650794 0.8717948717948718 0.047619047619047616 0.07692307692307693
0 0.7619047619047619 0.608058608058608 0.0463980463980464 0.07326007326007326
0 0.7985347985347986 0.684981684981685 0.05128205128205128 0.07692307692307693
0 0.9035409035409036 0.825091575091575 0.05128205128205128 0.07509157509157509
1 0.5256410256410257 0.5613553113553114 0.030525030525030524 0.04945054945054945
1 0.5714285714285714 0.521978021978022 0.04395604395604396 0.047619047619047616
1 0.25213675213675213 0.3315018315018315 0.030525030525030524 0.04395604395604396
1 0.21733821733821734 0.28846153846153844 0.03663003663003663 0.045787545787545784
1 0.163003663003663 0.6758241758241759 0.03296703296703297 0.040293040293040296
1 0.09523809523809523 0.7344322344322345 0.03663003663003663 0.04395604395604396
1 0.21672771672771673 0.7655677655677655 0.03296703296703297 0.05128205128205128
1 0.27411477411477414 0.6309523809523809 0.040293040293040296 0.05311355311355311
1 0.115995115995116 0.5924908424908425 0.03907203907203907 0.056776556776556776
1 0.8577533577533577 0.5824175824175825 0.030525030525030524 0.05128205128205128
1 0.026251526251526252 0.8031135531135531 0.03296703296703297 0.038461538461538464
1 0.05616605616605617 0.8626373626373627 0.04151404151404151 0.04395604395604396
