1 0.5152625152625152 0.6217948717948718 0.03418803418803419 0.0641025641025641
1 0.5372405372405372 0.5741758241758241 0.026862026862026864 0.045787545787545784
1 0.5506715506715507 0.5567765567765568 0.02197802197802198 0.04395604395604396
1 0.28327228327228327 0.6987179487179487 0.05128205128205128 0.056776556776556776
1 0.8644688644688645 0.2078754578754579 0.026862026862026864 0.04212454212454213
1 0.14713064713064714 0.07692307692307693 0.030525030525030524 0.04395604395604396
1 0.8296703296703297 0.2490842490842491 0.030525030525030524 0.040293040293040296
1 0.8608058608058609 0.2509157509157509 0.02442002442002442 0.040293040293040296
1 0.9438339438339438 0.5778388278388278 0.04151404151404151 0.04212454212454213
1 0.9682539682539683 0.41025641025641024 0.029304029304029304 0.05128205128205128
1 0.9743589743589743 0.4551282051282051 0.02442002442002442 0.045787545787545784
1 0.9181929181929182 0.6877289377289377 0.03418803418803419 0.045787545787545784
1 0.9151404151404151 0.8827838827838828 0.028083028083028084 0.03663003663003663
1 0.9206349206349206 0.913003663003663 0.03663003663003663 0.038461538461538464
1 0.9884004884004884 0.6126373626373627 0.020757020757020756 0.06776556776556776
1 0.7148962148962149 0.9880952380952381 0.020757020757020756 0.023809523809523808
