1 0.398046398046398 0.6089743589743589 0.02197802197802198 0.031135531135531136
1 0.30097680097680096 0.7545787545787546 0.030525030525030524 0.040293040293040296
1 0.3125763125763126 0.7783882783882784 0.03418803418803419 0.040293040293040296
1 0.2954822954822955 0.44047619047619047 0.029304029304029304 0.04212454212454213
1 0.028693528693528692 0.13553113553113552 0.02564102564102564 0.03663003663003663
1 0.03540903540903541 0.1749084249084249 0.03418803418803419 0.045787545787545784
1 0.10012210012210013 0.2857142857142857 0.031746031746031744 0.05128205128205128
1 0.0695970695970696 0.23992673992673993 0.026862026862026864 0.047619047619047616
1 0.04822954822954823 0.25 0.030525030525030524 0.038461538461538464
1 0.06837606837606838 0.29212454212454214 0.029304029304029304 0.05311355311355311
1 0.04395604395604396 0.2957875457875458 0.03663003663003663 0.045787545787545784
1 0.9224664224664225 0.09523809523809523 0.030525030525030524 0.047619047619047616
1 0.8724053724053724 0.8946886446886447 0.020757020757020756 0.031135531135531136
1 0.8461538461538461 0.9148351648351648 0.019536019536019536 0.027472527472527472
1 0.7722832722832723 0.9880952380952381 0.018315018315018316 0.023809523809523808
