1 0.04212454212454213 0.31135531135531136 0.0231990231990232 0.05128205128205128
1 0.12148962148962149 0.2692307692307692 0.02564102564102564 0.03663003663003663
1 0.09829059829059829 0.37637362637362637 0.030525030525030524 0.04212454212454213
1 0.08180708180708181 0.4734432234432234 0.031746031746031744 0.04212454212454213
1 0.1752136752136752 0.32783882783882784 0.03540903540903541 0.040293040293040296
1 0.14041514041514042 0.18223443223443223 0.029304029304029304 0.038461538461538464
1 0.12393162393162394 0.0695970695970696 0.03296703296703297 0.04395604395604396
1 0.26434676434676435 0.44505494505494503 0.03540903540903541 0.03663003663003663
1 0.1623931623931624 0.3901098901098901 0.026862026862026864 0.03296703296703297
1 0.17094017094017094 0.4230769230769231 0.026862026862026864 0.040293040293040296
1 0.19108669108669107 0.40201465201465203 0.03296703296703297 0.031135531135531136
1 0.25335775335775335 0.3315018315018315 0.028083028083028084 0.03296703296703297
1 0.2509157509157509 0.29120879120879123 0.030525030525030524 0.054945054945054944
1 0.3058608058608059 0.4166666666666667 0.03296703296703297 0.04212454212454213
1 0.33516483516483514 0.4157509157509158 0.02564102564102564 0.040293040293040296
1 0.36507936507936506 0.3965201465201465 0.026862026862026864 0.05311355311355311
1 0.49633699633699635 0.7353479853479854 0.03785103785103785 0.045787545787545784
1 0.6336996336996337 0.7811355311355311 0.029304029304029304 0.04212454212454213
1 0.6495726495726496 0.7362637362637363 0.03418803418803419 0.040293040293040296
1 0.7130647130647131 0.6382783882783882 0.029304029304029304 0.038461538461538464
1 0.8083028083028083 0.6364468864468864 0.03418803418803419 0.04945054945054945
1 0.8021978021978022 0.5998168498168498 0.031746031746031744 0.038461538461538464
1 0.6794871794871795 0.5247252747252747 0.03540903540903541 0.038461538461538464
1 0.7551892551892552 0.5412087912087912 0.02564102564102564 0.0347985347985348
1 0.9328449328449329 0.6126373626373627 0.031746031746031744 0.038461538461538464
1 0.7875457875457875 0.8534798534798534 0.026862026862026864 0.03663003663003663
1 0.7081807081807082 0.8058608058608059 0.029304029304029304 0.04395604395604396
1 0.9633699633699634 0.8021978021978022 0.03418803418803419 0.04395604395604396
1 0.963980463980464 0.8498168498168498 0.030525030525030524 0.04395604395604396
1 0.8748473748473748 0.19688644688644688 0.030525030525030524 0.0347985347985348
1 0.8882783882783882 0.14102564102564102 0.028083028083028084 0.03663003663003663
1 0.9383394383394383 0.14377289377289376 0.03296703296703297 0.038461538461538464
1 0.615995115995116 0.17765567765567766 0.045177045177045176 0.05128205128205128
1 0.6617826617826618 0.22344322344322345 0.04395604395604396 0.05128205128205128
1 0.7368742368742369 0.055860805860805864 0.030525030525030524 0.06043956043956044
1 0.8931623931623932 0.05860805860805861 0.03540903540903541 0.040293040293040296
1 0.06471306471306472 0.3021978021978022 0.026862026862026864 0.05128205128205128
1 0.503052503052503 0.1684981684981685 0.03663003663003663 0.047619047619047616
1 0.8363858363858364 0.7994505494505495 0.029304029304029304 0.04212454212454213
