0 0.1385836385836386 0.4606227106227106 0.040293040293040296 0.056776556776556776
0 0.21123321123321123 0.5476190476190477 0.0463980463980464 0.047619047619047616
0 0.07264957264957266 0.5613553113553114 0.047619047619047616 0.0641025641025641
0 0.06043956043956044 0.3543956043956044 0.047619047619047616 0.06043956043956044
0 0.05982905982905983 0.3021978021978022 0.04151404151404151 0.05128205128205128
0 0.12393162393162394 0.5164835164835165 0.03785103785103785 0.06593406593406594
0 0.163003663003663 0.5128205128205128 0.047619047619047616 0.06593406593406594
0 0.15934065934065933 0.5641025641025641 0.042735042735042736 0.054945054945054944
0 0.22466422466422467 0.34065934065934067 0.05128205128205128 0.05860805860805861
0 0.18986568986568986 0.28846153846153844 0.050061050061050064 0.05311355311355311
0 0.1568986568986569 0.41117216117216115 0.045177045177045176 0.04945054945054945
0 0.2094017094017094 0.8498168498168498 0.050061050061050064 0.0695970695970696
0 0.11355311355311355 0.8891941391941391 0.05372405372405373 0.07142857142857142
1 0.24664224664224665 0.07783882783882784 0.031746031746031744 0.045787545787545784
1 0.3998778998778999 0.031135531135531136 0.02564102564102564 0.04395604395604396
1 0.03663003663003663 0.6190476190476191 0.029304029304029304 0.047619047619047616
1 0.0695970695970696 0.6108058608058609 0.03663003663003663 0.04212454212454213
1 0.22405372405372406 0.5961538461538461 0.03540903540903541 0.04945054945054945
1 0.32234432234432236 0.6822344322344323 0.031746031746031744 0.04212454212454213
1 0.3315018315018315 0.7591575091575091 0.03540903540903541 0.06043956043956044
1 0.33882783882783885 0.9166666666666666 0.03296703296703297 0.045787545787545784
1 0.37484737484737485 0.5787545787545788 0.026862026862026864 0.040293040293040296
1 0.9078144078144078 0.22893772893772893 0.02564102564102564 0.040293040293040296
1 0.8791208791208791 0.2518315018315018 0.026862026862026864 0.04212454212454213
1 0.8333333333333334 0.5347985347985348 0.02564102564102564 0.047619047619047616
1 0.8632478632478633 0.5421245421245421 0.026862026862026864 0.03663003663003663
1 0.8705738705738706 0.5833333333333334 0.0463980463980464 0.06043956043956044
1 0.8669108669108669 0.6529304029304029 0.03663003663003663 0.04212454212454213
1 0.8638583638583639 0.6913919413919414 0.03540903540903541 0.04945054945054945
1 0.8644688644688645 0.7509157509157509 0.0463980463980464 0.08058608058608059
1 0.8760683760683761 0.8690476190476191 0.030525030525030524 0.04212454212454213
1 0.8791208791208791 0.9331501831501832 0.031746031746031744 0.038461538461538464
1 0.7673992673992674 0.5512820512820513 0.07692307692307693 0.08424908424908426
1 0.7087912087912088 0.5586080586080586 0.028083028083028084 0.05128205128205128
1 0.6788766788766789 0.5659340659340659 0.03907203907203907 0.05128205128205128
1 0.6398046398046398 0.5631868131868132 0.03418803418803419 0.045787545787545784
1 0.6013431013431013 0.5677655677655677 0.040293040293040296 0.05860805860805861
1 0.5702075702075702 0.5705128205128205 0.031746031746031744 0.045787545787545784
1 0.5409035409035409 0.5714285714285714 0.031746031746031744 0.05128205128205128
1 0.510989010989011 0.5641025641025641 0.047619047619047616 0.054945054945054944
1 0.4652014652014652 0.5695970695970696 0.0463980463980464 0.05128205128205128
1 0.41514041514041516 0.5686813186813187 0.03663003663003663 0.056776556776556776
1 0.33760683760683763 0.8360805860805861 0.030525030525030524 0.06776556776556776
