1 0.6935286935286935 0.8333333333333334 0.03663003663003663 0.05860805860805861
1 0.5854700854700855 0.9716117216117216 0.030525030525030524 0.04212454212454213
1 0.5793650793650794 0.9194139194139194 0.03540903540903541 0.05128205128205128
1 0.38400488400488403 0.7206959706959707 0.03540903540903541 0.056776556776556776
1 0.33943833943833945 0.6895604395604396 0.026862026862026864 0.04212454212454213
1 0.3540903540903541 0.47527472527472525 0.04395604395604396 0.045787545787545784
1 0.2979242979242979 0.6538461538461539 0.029304029304029304 0.047619047619047616
1 0.24053724053724054 0.5622710622710623 0.04395604395604396 0.07692307692307693
1 0.19658119658119658 0.4716117216117216 0.031746031746031744 0.0347985347985348
1 0.15262515262515264 0.34798534798534797 0.031746031746031744 0.040293040293040296
1 0.4474969474969475 0.37454212454212454 0.03540903540903541 0.06043956043956044
1 0.4438339438339438 0.43772893772893773 0.03785103785103785 0.047619047619047616
1 0.4175824175824176 0.6978021978021978 0.019536019536019536 0.03296703296703297
1 0.47802197802197804 0.6620879120879121 0.02564102564102564 0.038461538461538464
1 0.5341880341880342 0.47527472527472525 0.03296703296703297 0.038461538461538464
1 0.5946275946275946 0.36996336996337 0.029304029304029304 0.040293040293040296
1 0.6593406593406593 0.5531135531135531 0.029304029304029304 0.04395604395604396
1 0.6703296703296703 0.597985347985348 0.029304029304029304 0.04212454212454213
1 0.7411477411477412 0.5402930402930403 0.026862026862026864 0.04395604395604396
1 0.7161172161172161 0.4725274725274725 0.02564102564102564 0.05128205128205128
1 0.6788766788766789 0.42765567765567764 0.0463980463980464 0.04945054945054945
1 0.7564102564102564 0.6236263736263736 0.030525030525030524 0.045787545787545784
1 0.6336996336996337 0.3031135531135531 0.026862026862026864 0.04212454212454213
1 0.7368742368742369 0.3067765567765568 0.028083028083028084 0.045787545787545784
1 0.8015873015873016 0.32875457875457875 0.028083028083028084 0.04212454212454213
1 0.7912087912087912 0.22802197802197802 0.03663003663003663 0.04212454212454213
1 0.5781440781440782 0.21062271062271062 0.03296703296703297 0.040293040293040296
1 0.6800976800976801 0.34065934065934067 0.026862026862026864 0.040293040293040296
1 0.9169719169719169 0.23443223443223443 0.029304029304029304 0.04395604395604396
1 0.7936507936507936 0.6675824175824175 0.02442002442002442 0.04212454212454213
1 0.8388278388278388 0.7097069597069597 0.03418803418803419 0.056776556776556776
1 0.9700854700854701 0.32234432234432236 0.045177045177045176 0.05860805860805861
1 0.9023199023199023 0.7728937728937729 0.029304029304029304 0.04395604395604396
1 0.9548229548229549 0.8223443223443223 0.031746031746031744 0.04395604395604396
1 0.40476190476190477 0.36996336996337 0.042735042735042736 0.054945054945054944
1 0.9688644688644689 0.543040293040293 0.030525030525030524 0.056776556776556776
1 0.6971916971916972 0.14377289377289376 0.03663003663003663 0.045787545787545784
1 0.717948717948718 0.0641025641025641 0.029304029304029304 0.047619047619047616
