1 0.3418803418803419 0.3946886446886447 0.03418803418803419 0.045787545787545784
1 0.33760683760683763 0.43864468864468864 0.030525030525030524 0.04212454212454213
1 0.3021978021978022 0.5586080586080586 0.040293040293040296 0.047619047619047616
1 0.2857142857142857 0.6721611721611722 0.031746031746031744 0.047619047619047616
1 0.7484737484737485 0.46703296703296704 0.029304029304029304 0.040293040293040296
1 0.8302808302808303 0.47710622710622713 0.031746031746031744 0.04212454212454213
1 0.9352869352869353 0.6758241758241759 0.029304029304029304 0.047619047619047616
1 0.974969474969475 0.7133699633699634 0.03785103785103785 0.056776556776556776
1 0.7136752136752137 0.6117216117216118 0.030525030525030524 0.040293040293040296
1 0.5341880341880342 0.36538461538461536 0.03540903540903541 0.056776556776556776
1 0.6758241758241759 0.7628205128205128 0.03540903540903541 0.04945054945054945
1 0.6965811965811965 0.6959706959706959 0.028083028083028084 0.04395604395604396
1 0.7472527472527473 0.7490842490842491 0.029304029304029304 0.04395604395604396
1 0.43956043956043955 0.5723443223443223 0.04884004884004884 0.0641025641025641
1 0.9792429792429792 0.8122710622710623 0.031746031746031744 0.05311355311355311
1 0.2258852258852259 0.23717948717948717 0.026862026862026864 0.04212454212454213
1 0.19597069597069597 0.2316849816849817 0.020757020757020756 0.038461538461538464
1 0.23504273504273504 0.1858974358974359 0.028083028083028084 0.038461538461538464
1 0.2851037851037851 0.8663003663003663 0.02564102564102564 0.03663003663003663
1 0.2771672771672772 0.9542124542124543 0.02442002442002442 0.040293040293040296
1 0.3614163614163614 0.9688644688644689 0.03663003663003663 0.03296703296703297
1 0.688034188034188 0.30952380952380953 0.030525030525030524 0.040293040293040296
1 0.5860805860805861 0.23076923076923078 0.03418803418803419 0.047619047619047616
1 0.5555555555555556 0.31043956043956045 0.02197802197802198 0.038461538461538464
1 0.612942612942613 0.33791208791208793 0.02197802197802198 0.038461538461538464
1 0.4249084249084249 0.15476190476190477 0.031746031746031744 0.056776556776556776
1 0.8962148962148963 0.8672161172161172 0.031746031746031744 0.04212454212454213
1 0.78998778998779 0.7582417582417582 0.026862026862026864 0.047619047619047616
1 0.6782661782661783 0.8122710622710623 0.030525030525030524 0.045787545787545784
1 0.7130647130647131 0.9413919413919414 0.026862026862026864 0.047619047619047616
1 0.7741147741147741 0.8690476190476191 0.029304029304029304 0.038461538461538464
1 0.5695970695970696 0.858058608058608 0.028083028083028084 0.038461538461538464
1 0.8028083028083028 0.9523809523809523 0.028083028083028084 0.040293040293040296
1 0.5976800976800977 0.7326007326007326 0.040293040293040296 0.05860805860805861
1 0.9511599511599511 0.9606227106227107 0.03663003663003663 0.045787545787545784
1 0.6166056166056166 0.9523809523809523 0.03418803418803419 0.04395604395604396
1 0.9432234432234432 0.804945054945055 0.030525030525030524 0.04212454212454213
1 0.9841269841269841 0.9029304029304029 0.031746031746031744 0.047619047619047616
