1 0.4902319902319902 0.36813186813186816 0.03296703296703297 0.054945054945054944
1 0.5128205128205128 0.42032967032967034 0.026862026862026864 0.0347985347985348
1 0.5415140415140415 0.4056776556776557 0.02564102564102564 0.0347985347985348
1 0.561050061050061 0.39377289377289376 0.028083028083028084 0.040293040293040296
1 0.6043956043956044 0.3727106227106227 0.026862026862026864 0.0347985347985348
1 0.6294261294261294 0.35622710622710624 0.03540903540903541 0.038461538461538464
1 0.4932844932844933 0.30036630036630035 0.026862026862026864 0.040293040293040296
1 0.47496947496947495 0.163003663003663 0.02442002442002442 0.040293040293040296
1 0.4804639804639805 0.21428571428571427 0.0231990231990232 0.03663003663003663
1 0.45604395604395603 0.0989010989010989 0.02564102564102564 0.04395604395604396
1 0.7387057387057387 0.29304029304029305 0.03418803418803419 0.047619047619047616
1 0.8504273504273504 0.32051282051282054 0.0231990231990232 0.029304029304029304
1 0.8174603174603174 0.33516483516483514 0.028083028083028084 0.03296703296703297
1 0.9731379731379731 0.4441391941391941 0.03418803418803419 0.045787545787545784
1 0.9456654456654456 0.27014652014652013 0.028083028083028084 0.038461538461538464
1 0.9224664224664225 0.27380952380952384 0.0231990231990232 0.0347985347985348
1 0.5860805860805861 0.532051282051282 0.026862026862026864 0.04212454212454213
1 0.5964590964590964 0.6016483516483516 0.0231990231990232 0.038461538461538464
1 0.6062271062271062 0.6593406593406593 0.028083028083028084 0.040293040293040296
1 0.6086691086691086 0.6959706959706959 0.02564102564102564 0.029304029304029304
1 0.6172161172161172 0.728021978021978 0.028083028083028084 0.0347985347985348
1 0.45604395604395603 0.8489010989010989 0.042735042735042736 0.038461538461538464
1 0.4633699633699634 0.8864468864468864 0.03540903540903541 0.03663003663003663
1 0.4230769230769231 0.9514652014652014 0.030525030525030524 0.04212454212454213
1 0.17216117216117216 0.7087912087912088 0.02442002442002442 0.029304029304029304
1 0.18925518925518925 0.6025641025641025 0.02197802197802198 0.03296703296703297
1 0.1575091575091575 0.6208791208791209 0.026862026862026864 0.05128205128205128
1 0.12026862026862027 0.6208791208791209 0.028083028083028084 0.03663003663003663
1 0.115995115995116 0.6474358974358975 0.029304029304029304 0.0347985347985348
1 0.08302808302808302 0.6446886446886447 0.031746031746031744 0.03296703296703297
1 0.043345543345543344 0.6831501831501832 0.030525030525030524 0.03663003663003663
1 0.14224664224664224 0.7344322344322345 0.030525030525030524 0.03663003663003663
1 0.2600732600732601 0.9267399267399268 0.029304029304029304 0.03663003663003663
0 0.4603174603174603 0.5989010989010989 0.0463980463980464 0.06593406593406594
0 0.4981684981684982 0.6446886446886447 0.05128205128205128 0.06593406593406594
0 0.5427350427350427 0.6941391941391941 0.040293040293040296 0.06593406593406594
0 0.5183150183150184 0.7142857142857143 0.045177045177045176 0.054945054945054944
0 0.4884004884004884 0.717032967032967 0.05860805860805861 0.0641025641025641
0 0.49206349206349204 0.782967032967033 0.04884004884004884 0.056776556776556776
0 0.4981684981684982 0.8351648351648352 0.03907203907203907 0.054945054945054944
0 0.5506715506715507 0.8653846153846154 0.05128205128205128 0.07142857142857142
0 0.5195360195360196 0.9404761904761905 0.042735042735042736 0.056776556776556776
0 0.38522588522588525 0.6346153846153846 0.03785103785103785 0.05311355311355311
0 0.43284493284493286 0.6758241758241759 0.047619047619047616 0.054945054945054944
0 0.32173382173382176 0.8406593406593407 0.03296703296703297 0.047619047619047616
0 0.3333333333333333 0.7307692307692307 0.03907203907203907 0.06593406593406594
0 0.3888888888888889 0.6968864468864469 0.040293040293040296 0.06043956043956044
0 0.3956043956043956 0.7673992673992674 0.0463980463980464 0.0695970695970696
0 0.6556776556776557 0.5778388278388278 0.0463980463980464 0.08608058608058608
0 0.6385836385836385 0.46886446886446886 0.04151404151404151 0.06593406593406594
0 0.6770451770451771 0.4441391941391941 0.042735042735042736 0.06776556776556776
0 0.7997557997557998 0.4468864468864469 0.0463980463980464 0.0695970695970696
0 0.753968253968254 0.4652014652014652 0.045177045177045176 0.07326007326007326
0 0.7338217338217338 0.6675824175824175 0.04395604395604396 0.05311355311355311
0 0.7777777777777778 0.6529304029304029 0.0463980463980464 0.07142857142857142
0 0.742979242979243 0.728021978021978 0.05982905982905983 0.06776556776556776
0 0.6721611721611722 0.7939560439560439 0.050061050061050064 0.07142857142857142
0 0.6349206349206349 0.8205128205128205 0.04884004884004884 0.06593406593406594
0 0.6587301587301587 0.13553113553113552 0.045177045177045176 0.05128205128205128
0 0.6501831501831502 0.07051282051282051 0.03296703296703297 0.045787545787545784
0 0.57997557997558 0.9615384615384616 0.0463980463980464 0.06227106227106227
0 0.7362637362637363 0.10714285714285714 0.029304029304029304 0.04945054945054945
0 0.778998778998779 0.14102564102564102 0.029304029304029304 0.05128205128205128
