0 0.2765567765567766 0.7206959706959707 0.052503052503052504 0.056776556776556776
0 0.2496947496947497 0.7939560439560439 0.045177045177045176 0.07142857142857142
0 0.35836385836385837 0.7206959706959707 0.050061050061050064 0.06776556776556776
0 0.37545787545787546 0.6556776556776557 0.045177045177045176 0.05128205128205128
0 0.4139194139194139 0.7371794871794872 0.04151404151404151 0.056776556776556776
0 0.46825396825396826 0.6437728937728938 0.03540903540903541 0.06043956043956044
0 0.4633699633699634 0.7326007326007326 0.045177045177045176 0.06227106227106227
0 0.5177045177045178 0.7353479853479854 0.05128205128205128 0.07142857142857142
0 0.42124542124542125 0.6474358974358975 0.04884004884004884 0.0641025641025641
0 0.16727716727716727 0.8003663003663004 0.04151404151404151 0.05860805860805861
0 0.1855921855921856 0.8516483516483516 0.04884004884004884 0.054945054945054944
0 0.23809523809523808 0.8873626373626373 0.0463980463980464 0.06776556776556776
0 0.28205128205128205 0.8644688644688645 0.0463980463980464 0.0695970695970696
0 0.45665445665445664 0.9065934065934066 0.03907203907203907 0.054945054945054944
0 0.6330891330891331 0.7591575091575091 0.054945054945054944 0.07142857142857142
0 0.6190476190476191 0.891941391941392 0.05860805860805861 0.07326007326007326
0 0.5543345543345544 0.9505494505494505 0.04395604395604396 0.06593406593406594
0 0.5048840048840049 0.9642857142857143 0.052503052503052504 0.07142857142857142
0 0.44017094017094016 0.967948717948718 0.047619047619047616 0.0641025641025641
0 0.045177045177045176 0.7884615384615384 0.06105006105006105 0.07142857142857142
1 0.4340659340659341 0.5695970695970696 0.03785103785103785 0.047619047619047616
1 0.2442002442002442 0.6730769230769231 0.04395604395604396 0.04945054945054945
1 0.29365079365079366 0.6501831501831502 0.045177045177045176 0.06593406593406594
1 0.34798534798534797 0.6236263736263736 0.03663003663003663 0.045787545787545784
1 0.043345543345543344 0.5586080586080586 0.042735042735042736 0.047619047619047616
1 0.04822954822954823 0.6153846153846154 0.042735042735042736 0.054945054945054944
1 0.06776556776556776 0.6932234432234432 0.052503052503052504 0.0641025641025641
1 0.13125763125763126 0.7417582417582418 0.03785103785103785 0.05860805860805861
1 0.16971916971916973 0.7252747252747253 0.031746031746031744 0.05128205128205128
1 0.20207570207570208 0.7060439560439561 0.03540903540903541 0.06043956043956044
1 0.07142857142857142 0.8470695970695971 0.045177045177045176 0.06043956043956044
1 0.08974358974358974 0.9175824175824175 0.03785103785103785 0.06227106227106227
1 0.12332112332112333 0.847985347985348 0.05860805860805861 0.07326007326007326
0 0.13247863247863248 0.11446886446886446 0.06715506715506715 0.06776556776556776
0 0.05555555555555555 0.11446886446886446 0.057387057387057384 0.07142857142857142
0 0.12698412698412698 0.039377289377289376 0.06593406593406594 0.07509157509157509
