0 0.2954822954822955 0.6217948717948718 0.0463980463980464 0.07875457875457875
0 0.11355311355311355 0.4258241758241758 0.04151404151404151 0.05311355311355311
0 0.12026862026862027 0.38003663003663 0.03785103785103785 0.04945054945054945
0 0.15018315018315018 0.36813186813186816 0.04395604395604396 0.06227106227106227
0 0.21611721611721613 0.28113553113553114 0.04151404151404151 0.05311355311355311
0 0.21611721611721613 0.3782051282051282 0.0463980463980464 0.0641025641025641
0 0.22527472527472528 0.43956043956043955 0.03540903540903541 0.06593406593406594
0 0.25457875457875456 0.43864468864468864 0.03540903540903541 0.0641025641025641
0 0.2771672771672772 0.3708791208791209 0.03907203907203907 0.06043956043956044
0 0.33760683760683763 0.3598901098901099 0.045177045177045176 0.06043956043956044
1 0.5274725274725275 0.06776556776556776 0.029304029304029304 0.04395604395604396
1 0.5097680097680097 0.25 0.0231990231990232 0.038461538461538464
1 0.5048840048840049 0.5265567765567766 0.020757020757020756 0.0347985347985348
1 0.1111111111111111 0.9560439560439561 0.031746031746031744 0.040293040293040296
1 0.42918192918192916 0.7042124542124543 0.028083028083028084 0.04212454212454213
1 0.39133089133089133 0.7060439560439561 0.03785103785103785 0.04945054945054945
1 0.35714285714285715 0.7133699633699634 0.03296703296703297 0.038461538461538464
1 0.32234432234432236 0.7161172161172161 0.02442002442002442 0.04395604395604396
1 0.29242979242979245 0.7197802197802198 0.02564102564102564 0.05128205128205128
1 0.26434676434676435 0.7133699633699634 0.030525030525030524 0.04212454212454213
1 0.20695970695970695 0.7206959706959707 0.03540903540903541 0.04212454212454213
1 0.1684981684981685 0.7335164835164835 0.03663003663003663 0.05311355311355311
1 0.019536019536019536 0.7527472527472527 0.029304029304029304 0.05128205128205128
1 0.05128205128205128 0.7490842490842491 0.029304029304029304 0.05128205128205128
1 0.10134310134310134 0.7408424908424909 0.05372405372405373 0.05311355311355311
