0 0.3968253968253968 0.2866300366300366 0.05128205128205128 0.06043956043956044
0 0.40354090354090355 0.23351648351648352 0.057387057387057384 0.07509157509157509
0 0.4004884004884005 0.1794871794871795 0.05372405372405373 0.054945054945054944
0 0.405982905982906 0.12179487179487179 0.045177045177045176 0.056776556776556776
0 0.405982905982906 0.07051282051282051 0.054945054945054944 0.06043956043956044
0 0.40476190476190477 0.026556776556776556 0.040293040293040296 0.04945054945054945
0 0.4432234432234432 0.026556776556776556 0.03907203907203907 0.04212454212454213
0 0.4658119658119658 0.11355311355311355 0.03785103785103785 0.05860805860805861
0 0.4438339438339438 0.17307692307692307 0.050061050061050064 0.0641025641025641
0 0.29975579975579975 0.4001831501831502 0.054945054945054944 0.0641025641025641
0 0.23382173382173382 0.4441391941391941 0.052503052503052504 0.06776556776556776
0 0.22039072039072038 0.5256410256410257 0.047619047619047616 0.054945054945054944
0 0.15384615384615385 0.42948717948717946 0.04884004884004884 0.05311355311355311
0 0.184981684981685 0.3983516483516483 0.045177045177045176 0.05311355311355311
0 0.11843711843711843 0.3836996336996337 0.05372405372405373 0.06776556776556776
0 0.0873015873015873 0.2866300366300366 0.045177045177045176 0.0641025641025641
0 0.22283272283272285 0.2957875457875458 0.047619047619047616 0.08241758241758242
0 0.2600732600732601 0.29853479853479853 0.04884004884004884 0.07692307692307693
0 0.29242979242979245 0.30036630036630035 0.030525030525030524 0.0695970695970696
0 0.32173382173382176 0.3232600732600733 0.045177045177045176 0.0641025641025641
0 0.3327228327228327 0.24175824175824176 0.05982905982905983 0.0695970695970696
0 0.28266178266178266 0.1336996336996337 0.03296703296703297 0.06593406593406594
0 0.16727716727716727 0.2692307692307692 0.04395604395604396 0.05128205128205128
0 0.20573870573870573 0.21520146520146521 0.042735042735042736 0.04945054945054945
0 0.2039072039072039 0.14652014652014653 0.0463980463980464 0.07692307692307693
0 0.16422466422466422 0.20604395604395603 0.050061050061050064 0.07509157509157509
0 0.1227106227106227 0.2042124542124542 0.042735042735042736 0.056776556776556776
0 0.10134310134310134 0.19963369963369965 0.0463980463980464 0.05860805860805861
0 0.09706959706959707 0.1346153846153846 0.042735042735042736 0.056776556776556776
0 0.14713064713064714 0.14377289377289376 0.047619047619047616 0.06043956043956044
0 0.17338217338217338 0.10714285714285714 0.03418803418803419 0.0641025641025641
0 0.09584859584859586 0.08424908424908426 0.042735042735042736 0.047619047619047616
0 0.5323565323565324 0.5576923076923077 0.04395604395604396 0.06043956043956044
0 0.5482295482295483 0.4642857142857143 0.03663003663003663 0.0641025641025641
0 0.5158730158730159 0.4056776556776557 0.040293040293040296 0.06043956043956044
0 0.6532356532356532 0.4056776556776557 0.03907203907203907 0.05311355311355311
0 0.3253968253968254 0.45146520146520147 0.040293040293040296 0.07509157509157509
0 0.31929181929181927 0.13553113553113552 0.028083028083028084 0.047619047619047616
0 0.782051282051282 0.5906593406593407 0.03785103785103785 0.0641025641025641
0 0.7442002442002442 0.5915750915750916 0.050061050061050064 0.054945054945054944
0 0.7551892551892552 0.40934065934065933 0.03540903540903541 0.04945054945054945
