0 0.08180708180708181 0.1620879120879121 0.03907203907203907 0.05311355311355311
0 0.040903540903540904 0.21520146520146521 0.040293040293040296 0.04945054945054945
0 0.08241758241758242 0.21428571428571427 0.040293040293040296 0.054945054945054944
0 0.12332112332112333 0.21520146520146521 0.03907203907203907 0.056776556776556776
0 0.15445665445665446 0.16025641025641027 0.03785103785103785 0.06043956043956044
0 0.1794871794871795 0.26373626373626374 0.04395604395604396 0.05860805860805861
0 0.1452991452991453 0.27014652014652013 0.03663003663003663 0.06776556776556776
0 0.0757020757020757 0.27014652014652013 0.03907203907203907 0.05311355311355311
0 0.04395604395604396 0.27289377289377287 0.031746031746031744 0.054945054945054944
0 0.013431013431013432 0.2774725274725275 0.02442002442002442 0.056776556776556776
0 0.04456654456654457 0.3324175824175824 0.03785103785103785 0.05311355311355311
0 0.07875457875457875 0.3324175824175824 0.040293040293040296 0.05311355311355311
0 0.11477411477411477 0.32967032967032966 0.03907203907203907 0.05860805860805861
0 0.152014652014652 0.32875457875457875 0.03540903540903541 0.05311355311355311
0 0.015873015873015872 0.3791208791208791 0.029304029304029304 0.054945054945054944
0 0.045787545787545784 0.38095238095238093 0.030525030525030524 0.05128205128205128
0 0.07753357753357754 0.38553113553113555 0.042735042735042736 0.04945054945054945
0 0.11965811965811966 0.3891941391941392 0.04151404151404151 0.04945054945054945
0 0.07264957264957266 0.43223443223443225 0.042735042735042736 0.0695970695970696
0 0.03907203907203907 0.49725274725274726 0.03907203907203907 0.0641025641025641
0 0.06837606837606838 0.4899267399267399 0.03907203907203907 0.0641025641025641
0 0.115995115995116 0.49542124542124544 0.04395604395604396 0.07509157509157509
0 0.16666666666666666 0.4624542124542125 0.047619047619047616 0.07509157509157509
0 0.050061050061050064 0.5485347985347986 0.04151404151404151 0.07142857142857142
0 0.043345543345543344 0.6062271062271062 0.045177045177045176 0.054945054945054944
0 0.10683760683760683 0.5879120879120879 0.050061050061050064 0.054945054945054944
1 0.020757020757020756 0.10347985347985347 0.031746031746031744 0.04945054945054945
1 0.07753357753357754 0.09706959706959707 0.03296703296703297 0.040293040293040296
1 0.15934065934065933 0.08974358974358974 0.047619047619047616 0.05128205128205128
1 0.19597069597069597 0.07509157509157509 0.03296703296703297 0.040293040293040296
1 0.24175824175824176 0.08882783882783883 0.02442002442002442 0.045787545787545784
1 0.24603174603174602 0.17399267399267399 0.030525030525030524 0.04395604395604396
1 0.19536019536019536 0.2206959706959707 0.031746031746031744 0.0347985347985348
1 0.29914529914529914 0.4249084249084249 0.026862026862026864 0.05128205128205128
1 0.47741147741147744 0.9184981684981685 0.03418803418803419 0.05311355311355311
1 0.6043956043956044 0.9148351648351648 0.029304029304029304 0.04945054945054945
1 0.6672771672771672 0.9175824175824175 0.030525030525030524 0.05128205128205128
