0 0.06898656898656899 0.19139194139194138 0.047619047619047616 0.07509157509157509
0 0.059218559218559216 0.2902930402930403 0.050061050061050064 0.07509157509157509
0 0.13125763125763126 0.358974358974359 0.052503052503052504 0.0695970695970696
0 0.06471306471306472 0.51007326007326 0.04395604395604396 0.06776556776556776
0 0.152014652014652 0.4826007326007326 0.052503052503052504 0.07875457875457875
0 0.21428571428571427 0.4926739926739927 0.047619047619047616 0.06593406593406594
0 0.18437118437118438 0.22435897435897437 0.0463980463980464 0.06776556776556776
0 0.15079365079365079 0.6492673992673993 0.052503052503052504 0.07509157509157509
0 0.18986568986568986 0.652014652014652 0.052503052503052504 0.08058608058608059
0 0.3504273504273504 0.5054945054945055 0.04884004884004884 0.0695970695970696
0 0.25274725274725274 0.554945054945055 0.04884004884004884 0.06593406593406594
0 0.20146520146520147 0.28846153846153844 0.05616605616605617 0.07142857142857142
0 0.257020757020757 0.49633699633699635 0.052503052503052504 0.06593406593406594
0 0.2454212454212454 0.6291208791208791 0.05372405372405373 0.07142857142857142
0 0.24236874236874237 0.6868131868131868 0.052503052503052504 0.06593406593406594
0 0.4884004884004884 0.46703296703296704 0.05128205128205128 0.08058608058608059
0 0.4157509157509158 0.6217948717948718 0.054945054945054944 0.07509157509157509
0 0.42063492063492064 0.6941391941391941 0.057387057387057384 0.0695970695970696
0 0.46825396825396826 0.5384615384615384 0.057387057387057384 0.06593406593406594
0 0.47741147741147744 0.6886446886446886 0.06349206349206349 0.0695970695970696
