0 0.6538461538461539 0.7857142857142857 0.028083028083028084 0.03663003663003663
0 0.7393162393162394 0.6483516483516484 0.03785103785103785 0.054945054945054944
0 0.7466422466422467 0.7271062271062271 0.045177045177045176 0.05860805860805861
0 0.6947496947496947 0.8021978021978022 0.03418803418803419 0.047619047619047616
0 0.5567765567765568 0.8195970695970696 0.03418803418803419 0.045787545787545784
0 0.6501831501831502 0.8489010989010989 0.042735042735042736 0.045787545787545784
0 0.7350427350427351 0.8672161172161172 0.03663003663003663 0.056776556776556776
0 0.7368742368742369 0.8141025641025641 0.042735042735042736 0.05311355311355311
0 0.7783882783882784 0.7811355311355311 0.045177045177045176 0.06776556776556776
0 0.7954822954822954 0.7408424908424909 0.042735042735042736 0.05311355311355311
0 0.8168498168498168 0.8012820512820513 0.05128205128205128 0.06776556776556776
0 0.8021978021978022 0.8644688644688645 0.04395604395604396 0.054945054945054944
0 0.8394383394383395 0.9093406593406593 0.042735042735042736 0.06043956043956044
0 0.8492063492063492 0.8690476190476191 0.03540903540903541 0.056776556776556776
0 0.8058608058608059 0.6291208791208791 0.04151404151404151 0.056776556776556776
0 0.8498168498168498 0.5732600732600732 0.03418803418803419 0.054945054945054944
0 0.9188034188034188 0.5027472527472527 0.03785103785103785 0.05311355311355311
0 0.9481074481074481 0.5494505494505495 0.03540903540903541 0.05128205128205128
0 0.985958485958486 0.5375457875457875 0.028083028083028084 0.05311355311355311
0 0.9230769230769231 0.6181318681318682 0.04151404151404151 0.06776556776556776
0 0.8711843711843712 0.6327838827838828 0.03785103785103785 0.056776556776556776
0 0.8357753357753358 0.6336996336996337 0.03540903540903541 0.05860805860805861
0 0.9517704517704517 0.6117216117216118 0.03785103785103785 0.05860805860805861
0 0.981074481074481 0.6144688644688645 0.03785103785103785 0.06043956043956044
0 0.9096459096459096 0.6730769230769231 0.03418803418803419 0.05311355311355311
0 0.9072039072039072 0.771978021978022 0.04151404151404151 0.056776556776556776
0 0.9413919413919414 0.7545787545787546 0.03907203907203907 0.06227106227106227
0 0.8754578754578755 0.8214285714285714 0.03907203907203907 0.056776556776556776
0 0.9761904761904762 0.8406593406593407 0.03540903540903541 0.05860805860805861
0 0.9145299145299145 0.8351648351648352 0.03907203907203907 0.047619047619047616
0 0.9896214896214897 0.8937728937728938 0.020757020757020756 0.05860805860805861
0 0.8858363858363858 0.5009157509157509 0.02564102564102564 0.0347985347985348
0 0.612942612942613 0.6401098901098901 0.031746031746031744 0.0347985347985348
0 0.9529914529914529 0.6968864468864469 0.040293040293040296 0.07142857142857142
