0 0.7698412698412699 0.32234432234432236 0.057387057387057384 0.07692307692307693
0 0.7936507936507936 0.44047619047619047 0.04151404151404151 0.06043956043956044
0 0.8626373626373627 0.3305860805860806 0.054945054945054944 0.07509157509157509
0 0.8754578754578755 0.26282051282051283 0.05128205128205128 0.0641025641025641
0 0.9743589743589743 0.2673992673992674 0.04151404151404151 0.05860805860805861
0 0.9487179487179487 0.3424908424908425 0.05128205128205128 0.07326007326007326
0 0.9737484737484737 0.46703296703296704 0.050061050061050064 0.07692307692307693
0 0.782051282051282 0.5338827838827839 0.0231990231990232 0.0347985347985348
0 0.811965811965812 0.5338827838827839 0.04395604395604396 0.04945054945054945
0 0.8717948717948718 0.5512820512820513 0.031746031746031744 0.047619047619047616
0 0.8663003663003663 0.5906593406593407 0.03296703296703297 0.045787545787545784
0 0.8095238095238095 0.5805860805860806 0.03907203907203907 0.04395604395604396
0 0.8327228327228328 0.6886446886446886 0.02442002442002442 0.03663003663003663
0 0.7954822954822954 0.7847985347985348 0.030525030525030524 0.045787545787545784
0 0.8681318681318682 0.6978021978021978 0.031746031746031744 0.03663003663003663
0 0.9072039072039072 0.7445054945054945 0.03663003663003663 0.05311355311355311
0 0.8626373626373627 0.8305860805860806 0.02564102564102564 0.05311355311355311
1 0.3833943833943834 0.41025641025641024 0.02442002442002442 0.047619047619047616
1 0.051892551892551896 0.9514652014652014 0.028083028083028084 0.045787545787545784
1 0.08180708180708181 0.956959706959707 0.029304029304029304 0.038461538461538464
1 0.12148962148962149 0.9532967032967034 0.0231990231990232 0.04212454212454213
1 0.14346764346764346 0.9478021978021978 0.028083028083028084 0.045787545787545784
1 0.1752136752136752 0.9532967032967034 0.028083028083028084 0.04212454212454213
1 0.2081807081807082 0.9523809523809523 0.0231990231990232 0.04395604395604396
