0 0.07020757020757021 0.07051282051282051 0.047619047619047616 0.06043956043956044
0 0.11721611721611722 0.10622710622710622 0.04884004884004884 0.06593406593406594
0 0.20512820512820512 0.06868131868131869 0.04884004884004884 0.04945054945054945
0 0.02197802197802198 0.040293040293040296 0.03907203907203907 0.06227106227106227
0 0.026251526251526252 0.15476190476190477 0.040293040293040296 0.056776556776556776
0 0.07081807081807082 0.3956043956043956 0.03663003663003663 0.06227106227106227
0 0.02197802197802198 0.42857142857142855 0.04151404151404151 0.05128205128205128
0 0.05128205128205128 0.652014652014652 0.04151404151404151 0.0695970695970696
0 0.09218559218559219 0.641941391941392 0.050061050061050064 0.06043956043956044
0 0.1043956043956044 0.695054945054945 0.05982905982905983 0.06043956043956044
0 0.11477411477411477 0.7454212454212454 0.03663003663003663 0.0695970695970696
0 0.1984126984126984 0.6565934065934066 0.040293040293040296 0.06043956043956044
0 0.2032967032967033 0.7087912087912088 0.045177045177045176 0.054945054945054944
0 0.21855921855921856 0.5934065934065934 0.0463980463980464 0.06227106227106227
0 0.18253968253968253 0.5732600732600732 0.042735042735042736 0.05860805860805861
0 0.20757020757020758 0.32967032967032966 0.03907203907203907 0.054945054945054944
0 0.24236874236874237 0.31227106227106227 0.050061050061050064 0.0641025641025641
0 0.2875457875457875 0.3507326007326007 0.040293040293040296 0.045787545787545784
0 0.2765567765567766 0.4084249084249084 0.047619047619047616 0.06593406593406594
0 0.29120879120879123 0.46703296703296704 0.042735042735042736 0.06593406593406594
0 0.2967032967032967 0.5173992673992674 0.05128205128205128 0.07509157509157509
0 0.3626373626373626 0.44963369963369965 0.04395604395604396 0.07509157509157509
0 0.36752136752136755 0.4926739926739927 0.04884004884004884 0.0695970695970696
0 0.31868131868131866 0.29212454212454214 0.0463980463980464 0.07509157509157509
0 0.021367521367521368 0.7261904761904762 0.03785103785103785 0.07509157509157509
0 0.13797313797313798 0.03571428571428571 0.0463980463980464 0.05311355311355311
0 0.34554334554334554 0.8296703296703297 0.04395604395604396 0.054945054945054944
0 0.38278388278388276 0.793040293040293 0.042735042735042736 0.05860805860805861
0 0.3968253968253968 0.8534798534798534 0.04151404151404151 0.06593406593406594
0 0.47374847374847373 0.9276556776556777 0.04884004884004884 0.06776556776556776
0 0.5225885225885226 0.86996336996337 0.04395604395604396 0.06593406593406594
0 0.32722832722832723 0.9010989010989011 0.04884004884004884 0.06593406593406594
0 0.39194139194139194 0.9624542124542125 0.05128205128205128 0.07509157509157509
0 0.3021978021978022 0.9697802197802198 0.052503052503052504 0.06043956043956044
0 0.11538461538461539 0.326007326007326 0.050061050061050064 0.07326007326007326
1 0.06715506715506715 0.2087912087912088 0.031746031746031744 0.06227106227106227
1 0.14590964590964592 0.24358974358974358 0.03785103785103785 0.04395604395604396
1 0.18681318681318682 0.2564102564102564 0.03663003663003663 0.047619047619047616
1 0.19597069597069597 0.20238095238095238 0.028083028083028084 0.038461538461538464
1 0.23382173382173382 0.23443223443223443 0.03785103785103785 0.040293040293040296
1 0.27350427350427353 0.184981684981685 0.03418803418803419 0.040293040293040296
1 0.22954822954822954 0.18223443223443223 0.03418803418803419 0.045787545787545784
1 0.2967032967032967 0.17032967032967034 0.026862026862026864 0.03663003663003663
1 0.3443223443223443 0.23076923076923078 0.04395604395604396 0.05128205128205128
1 0.3663003663003663 0.29212454212454214 0.03418803418803419 0.05311355311355311
1 0.373015873015873 0.3498168498168498 0.047619047619047616 0.05860805860805861
1 0.394993894993895 0.3965201465201465 0.02564102564102564 0.04212454212454213
1 0.405982905982906 0.44505494505494503 0.03540903540903541 0.05860805860805861
1 0.4175824175824176 0.4981684981684982 0.04151404151404151 0.054945054945054944
1 0.41025641025641024 0.5540293040293041 0.05372405372405373 0.04945054945054945
0 0.11355311355311355 0.4010989010989011 0.04151404151404151 0.0695970695970696
