0 0.1330891330891331 0.27197802197802196 0.05616605616605617 0.06043956043956044
0 0.1105006105006105 0.31776556776556775 0.045177045177045176 0.056776556776556776
0 0.059218559218559216 0.3498168498168498 0.045177045177045176 0.05860805860805861
0 0.05372405372405373 0.4441391941391941 0.05128205128205128 0.045787545787545784
0 0.10134310134310134 0.4908424908424908 0.03663003663003663 0.054945054945054944
0 0.1349206349206349 0.5796703296703297 0.040293040293040296 0.06043956043956044
0 0.12515262515262515 0.6510989010989011 0.050061050061050064 0.07142857142857142
0 0.14041514041514042 0.7289377289377289 0.0463980463980464 0.05860805860805861
0 0.17094017094017094 0.6703296703296703 0.04395604395604396 0.06593406593406594
0 0.20207570207570208 0.7225274725274725 0.042735042735042736 0.0641025641025641
0 0.19108669108669107 0.7683150183150184 0.03296703296703297 0.04212454212454213
0 0.1575091575091575 0.8067765567765568 0.05128205128205128 0.07142857142857142
0 0.19536019536019536 0.4166666666666667 0.03907203907203907 0.056776556776556776
0 0.2313797313797314 0.44871794871794873 0.03785103785103785 0.05860805860805861
0 0.21550671550671552 0.3626373626373626 0.050061050061050064 0.06593406593406594
0 0.2600732600732601 0.4001831501831502 0.03418803418803419 0.05311355311355311
0 0.19658119658119658 0.28296703296703296 0.03418803418803419 0.04945054945054945
0 0.20512820512820512 0.16575091575091574 0.03907203907203907 0.05311355311355311
0 0.22893772893772893 0.22435897435897437 0.03785103785103785 0.056776556776556776
0 0.2612942612942613 0.25824175824175827 0.0463980463980464 0.06593406593406594
0 0.30097680097680096 0.28846153846153844 0.047619047619047616 0.07875457875457875
0 0.2905982905982906 0.1978021978021978 0.0463980463980464 0.0695970695970696
0 0.3504273504273504 0.17673992673992675 0.04151404151404151 0.08241758241758242
0 0.4017094017094017 0.18223443223443223 0.0463980463980464 0.0641025641025641
0 0.38095238095238093 0.10897435897435898 0.0463980463980464 0.07509157509157509
0 0.39377289377289376 0.31135531135531136 0.042735042735042736 0.06227106227106227
0 0.442002442002442 0.3489010989010989 0.03663003663003663 0.06776556776556776
0 0.4713064713064713 0.37362637362637363 0.03663003663003663 0.05860805860805861
0 0.45604395604395603 0.29853479853479853 0.042735042735042736 0.06593406593406594
0 0.463980463980464 0.16575091575091574 0.0463980463980464 0.06043956043956044
0 0.30952380952380953 0.5833333333333334 0.042735042735042736 0.04945054945054945
1 0.29914529914529914 0.3772893772893773 0.03418803418803419 0.054945054945054944
1 0.3333333333333333 0.38553113553113555 0.031746031746031744 0.04945054945054945
1 0.32844932844932845 0.4166666666666667 0.029304029304029304 0.038461538461538464
1 0.38095238095238093 0.4358974358974359 0.02442002442002442 0.03663003663003663
1 0.4371184371184371 0.5448717948717948 0.026862026862026864 0.038461538461538464
1 0.4621489621489622 0.575091575091575 0.02564102564102564 0.04395604395604396
1 0.4725274725274725 0.5402930402930403 0.019536019536019536 0.02197802197802198
1 0.49511599511599513 0.5815018315018315 0.028083028083028084 0.038461538461538464
1 0.18192918192918192 0.21520146520146521 0.03907203907203907 0.06043956043956044
1 0.5073260073260073 0.8663003663003663 0.03296703296703297 0.040293040293040296
1 0.2698412698412698 0.6153846153846154 0.04151404151404151 0.05128205128205128
1 0.06776556776556776 0.8791208791208791 0.03296703296703297 0.040293040293040296
1 0.03968253968253968 0.8498168498168498 0.03785103785103785 0.05128205128205128
1 0.09401709401709402 0.9184981684981685 0.031746031746031744 0.0347985347985348
1 0.11904761904761904 0.9642857142857143 0.028083028083028084 0.04945054945054945
