1 0.057387057387057384 0.2445054945054945 0.031746031746031744 0.04945054945054945
1 0.07814407814407814 0.23717948717948717 0.03418803418803419 0.045787545787545784
1 0.11538461538461539 0.23351648351648352 0.0231990231990232 0.031135531135531136
1 0.4548229548229548 0.6465201465201466 0.030525030525030524 0.047619047619047616
1 0.5433455433455433 0.6391941391941391 0.03663003663003663 0.06593406593406594
1 0.8620268620268621 0.27380952380952384 0.031746031746031744 0.06043956043956044
1 0.1862026862026862 0.23901098901098902 0.02564102564102564 0.0347985347985348
1 0.27350427350427353 0.5228937728937729 0.031746031746031744 0.04945054945054945
1 0.2692307692307692 0.7847985347985348 0.028083028083028084 0.05311355311355311
1 0.2771672771672772 0.7316849816849816 0.026862026862026864 0.04212454212454213
1 0.2765567765567766 0.6886446886446886 0.028083028083028084 0.040293040293040296
1 0.9426129426129426 0.6153846153846154 0.02197802197802198 0.040293040293040296
1 0.9554334554334555 0.663003663003663 0.028083028083028084 0.03663003663003663
1 0.9511599511599511 0.7509157509157509 0.029304029304029304 0.040293040293040296
0 0.7264957264957265 0.8525641025641025 0.03907203907203907 0.0641025641025641
0 0.7704517704517705 0.8507326007326007 0.03907203907203907 0.056776556776556776
0 0.8601953601953602 0.7124542124542125 0.052503052503052504 0.08058608058608059
0 0.887057387057387 0.3708791208791209 0.028083028083028084 0.04945054945054945
0 0.8571428571428571 0.7985347985347986 0.06349206349206349 0.08058608058608059
0 0.8663003663003663 0.8736263736263736 0.040293040293040296 0.054945054945054944
0 0.86996336996337 0.4880952380952381 0.042735042735042736 0.06043956043956044
0 0.9053724053724054 0.4258241758241758 0.040293040293040296 0.05311355311355311
0 0.8144078144078144 0.4981684981684982 0.03418803418803419 0.04395604395604396
0 0.8131868131868132 0.43040293040293043 0.031746031746031744 0.05128205128205128
0 0.43223443223443225 0.8305860805860806 0.04395604395604396 0.056776556776556776
