1 0.06715506715506715 0.2573260073260073 0.031746031746031744 0.0347985347985348
1 0.1227106227106227 0.7161172161172161 0.030525030525030524 0.04395604395604396
1 0.08791208791208792 0.7152014652014652 0.03907203907203907 0.056776556776556776
1 0.06043956043956044 0.7216117216117216 0.028083028083028084 0.05128205128205128
1 0.03296703296703297 0.7243589743589743 0.031746031746031744 0.04945054945054945
1 0.01221001221001221 0.7234432234432234 0.02197802197802198 0.05128205128205128
1 0.2496947496947497 0.7481684981684982 0.030525030525030524 0.056776556776556776
1 0.26312576312576313 0.42948717948717946 0.030525030525030524 0.038461538461538464
1 0.26556776556776557 0.554945054945055 0.020757020757020756 0.029304029304029304
1 0.42063492063492064 0.1978021978021978 0.03296703296703297 0.05128205128205128
1 0.46886446886446886 0.2216117216117216 0.031746031746031744 0.040293040293040296
1 0.3791208791208791 0.03205128205128205 0.03540903540903541 0.04212454212454213
1 0.5122100122100122 0.2490842490842491 0.028083028083028084 0.04395604395604396
1 0.5128205128205128 0.29120879120879123 0.03663003663003663 0.05128205128205128
1 0.5103785103785103 0.3507326007326007 0.02197802197802198 0.0347985347985348
1 0.4938949938949939 0.5531135531135531 0.030525030525030524 0.05128205128205128
1 0.49145299145299143 0.6062271062271062 0.03540903540903541 0.06227106227106227
1 0.48534798534798534 0.6593406593406593 0.03296703296703297 0.05128205128205128
1 0.47619047619047616 0.7014652014652014 0.03418803418803419 0.04395604395604396
1 0.5213675213675214 0.684981684981685 0.03418803418803419 0.04395604395604396
1 0.5152625152625152 0.7261904761904762 0.02442002442002442 0.04945054945054945
1 0.5042735042735043 0.7673992673992674 0.029304029304029304 0.04395604395604396
1 0.5811965811965812 0.8489010989010989 0.031746031746031744 0.045787545787545784
1 0.6037851037851037 0.8113553113553114 0.03540903540903541 0.05128205128205128
1 0.6336996336996337 0.7976190476190477 0.029304029304029304 0.04945054945054945
1 0.6770451770451771 0.8296703296703297 0.03540903540903541 0.05128205128205128
1 0.7087912087912088 0.8296703296703297 0.018315018315018316 0.03663003663003663
1 0.7350427350427351 0.9413919413919414 0.029304029304029304 0.04395604395604396
1 0.757020757020757 0.9212454212454212 0.03418803418803419 0.05128205128205128
1 0.8296703296703297 0.22893772893772893 0.03540903540903541 0.047619047619047616
1 0.8272283272283272 0.1858974358974359 0.028083028083028084 0.038461538461538464
1 0.8321123321123322 0.1382783882783883 0.03540903540903541 0.04945054945054945
1 0.6581196581196581 0.17765567765567766 0.02197802197802198 0.029304029304029304
1 0.703907203907204 0.17857142857142858 0.028083028083028084 0.04212454212454213
1 0.7344322344322345 0.184981684981685 0.030525030525030524 0.047619047619047616
1 0.6984126984126984 0.07692307692307693 0.03663003663003663 0.047619047619047616
1 0.6984126984126984 0.13278388278388278 0.03907203907203907 0.04945054945054945
1 0.7252747252747253 0.1227106227106227 0.026862026862026864 0.05860805860805861
1 0.5286935286935287 0.10622710622710622 0.026862026862026864 0.04395604395604396
1 0.5512820512820513 0.13278388278388278 0.028083028083028084 0.0347985347985348
1 0.5903540903540904 0.1446886446886447 0.0231990231990232 0.040293040293040296
1 0.8357753357753358 0.0173992673992674 0.03785103785103785 0.031135531135531136
1 0.6617826617826618 0.6904761904761905 0.029304029304029304 0.029304029304029304
1 0.6837606837606838 0.6840659340659341 0.019536019536019536 0.0347985347985348
1 0.5366300366300366 0.5668498168498168 0.03296703296703297 0.04212454212454213
0 0.7472527472527473 0.05952380952380952 0.03418803418803419 0.05311355311355311
0 0.92002442002442 0.5402930402930403 0.047619047619047616 0.07326007326007326
0 0.9499389499389499 0.5842490842490843 0.03663003663003663 0.0695970695970696
0 0.9835164835164835 0.5805860805860806 0.03296703296703297 0.07692307692307693
0 0.9572649572649573 0.6895604395604396 0.04151404151404151 0.04945054945054945
0 0.7594627594627594 0.5338827838827839 0.03907203907203907 0.056776556776556776
0 0.7106227106227107 0.4642857142857143 0.0463980463980464 0.07142857142857142
0 0.6349206349206349 0.40293040293040294 0.04884004884004884 0.08058608058608059
0 0.7045177045177046 0.3617216117216117 0.05128205128205128 0.06776556776556776
0 0.7515262515262515 0.4001831501831502 0.045177045177045176 0.0641025641025641
0 0.5561660561660562 0.3324175824175824 0.042735042735042736 0.06776556776556776
0 0.4365079365079365 0.4624542124542125 0.03785103785103785 0.056776556776556776
0 0.47924297924297926 0.47527472527472525 0.042735042735042736 0.045787545787545784
0 0.5409035409035409 0.44505494505494503 0.03907203907203907 0.05128205128205128
0 0.5335775335775336 0.5027472527472527 0.03663003663003663 0.06043956043956044
0 0.5641025641025641 0.5173992673992674 0.0463980463980464 0.04945054945054945
0 0.594017094017094 0.5815018315018315 0.045177045177045176 0.05311355311355311
0 0.532967032967033 0.6053113553113553 0.03785103785103785 0.05311355311355311
0 0.5805860805860806 0.6767399267399268 0.03785103785103785 0.06043956043956044
0 0.605006105006105 0.61996336996337 0.042735042735042736 0.05311355311355311
0 0.6367521367521367 0.6675824175824175 0.042735042735042736 0.05311355311355311
0 0.6471306471306472 0.6007326007326007 0.029304029304029304 0.06227106227106227
0 0.673992673992674 0.5998168498168498 0.04395604395604396 0.06776556776556776
0 0.7094017094017094 0.5842490842490843 0.03418803418803419 0.054945054945054944
0 0.7155067155067155 0.63003663003663 0.04395604395604396 0.054945054945054944
0 0.7582417582417582 0.6263736263736264 0.0463980463980464 0.05860805860805861
0 0.7619047619047619 0.6904761904761905 0.03907203907203907 0.05860805860805861
0 0.5531135531135531 0.9001831501831502 0.0463980463980464 0.07142857142857142
0 0.5482295482295483 0.9624542124542125 0.0463980463980464 0.06043956043956044
0 0.40231990231990233 0.597985347985348 0.03540903540903541 0.05311355311355311
0 0.4474969474969475 0.6062271062271062 0.040293040293040296 0.054945054945054944
0 0.985958485958486 0.23076923076923078 0.028083028083028084 0.054945054945054944
0 0.07814407814407814 0.028388278388278388 0.04151404151404151 0.04945054945054945
