0 0.45115995115995117 0.2564102564102564 0.045177045177045176 0.06593406593406594
0 0.3711843711843712 0.30494505494505497 0.03663003663003663 0.056776556776556776
0 0.4884004884004884 0.3360805860805861 0.031746031746031744 0.06043956043956044
0 0.5903540903540904 0.38186813186813184 0.054945054945054944 0.07509157509157509
0 0.57997557997558 0.4523809523809524 0.04151404151404151 0.08424908424908426
0 0.5225885225885226 0.4880952380952381 0.04395604395604396 0.0641025641025641
0 0.63003663003663 0.5769230769230769 0.03663003663003663 0.07326007326007326
0 0.6898656898656899 0.4981684981684982 0.0463980463980464 0.06593406593406594
0 0.648962148962149 0.3232600732600733 0.050061050061050064 0.0641025641025641
0 0.6422466422466423 0.24816849816849818 0.03418803418803419 0.0641025641025641
0 0.5683760683760684 0.1575091575091575 0.03785103785103785 0.06227106227106227
0 0.626984126984127 0.06227106227106227 0.040293040293040296 0.05128205128205128
0 0.5732600732600732 0.7362637362637363 0.040293040293040296 0.05860805860805861
0 0.5402930402930403 0.8525641025641025 0.050061050061050064 0.06776556776556776
0 0.568986568986569 0.8186813186813187 0.04884004884004884 0.07692307692307693
0 0.6147741147741148 0.8543956043956044 0.045177045177045176 0.06043956043956044
0 0.34493284493284493 0.14652014652014653 0.045177045177045176 0.05128205128205128
1 0.5091575091575091 0.027472527472527472 0.029304029304029304 0.05128205128205128
1 0.5512820512820513 0.029304029304029304 0.03785103785103785 0.054945054945054944
1 0.666056166056166 0.03296703296703297 0.02564102564102564 0.040293040293040296
1 0.6703296703296703 0.06318681318681318 0.029304029304029304 0.038461538461538464
1 0.6892551892551892 0.21153846153846154 0.030525030525030524 0.05311355311355311
1 0.775946275946276 0.5961538461538461 0.02564102564102564 0.045787545787545784
