1 0.38156288156288154 0.5970695970695971 0.03296703296703297 0.047619047619047616
1 0.39316239316239315 0.9294871794871795 0.029304029304029304 0.038461538461538464
1 0.405982905982906 0.9551282051282052 0.02564102564102564 0.0347985347985348
1 0.6452991452991453 0.4926739926739927 0.028083028083028084 0.05128205128205128
1 0.8357753357753358 0.3315018315018315 0.03296703296703297 0.05128205128205128
1 0.07387057387057387 0.5641025641025641 0.03296703296703297 0.03296703296703297
1 0.0989010989010989 0.5338827838827839 0.026862026862026864 0.0347985347985348
1 0.11172161172161173 0.5146520146520146 0.020757020757020756 0.040293040293040296
1 0.1385836385836386 0.4945054945054945 0.02564102564102564 0.03663003663003663
1 0.17399267399267399 0.45879120879120877 0.040293040293040296 0.031135531135531136
1 0.2087912087912088 0.43772893772893773 0.019536019536019536 0.03663003663003663
1 0.2271062271062271 0.4258241758241758 0.029304029304029304 0.038461538461538464
1 0.2496947496947497 0.41483516483516486 0.020757020757020756 0.0347985347985348
1 0.26556776556776557 0.4084249084249084 0.030525030525030524 0.03663003663003663
1 0.4731379731379731 0.33882783882783885 0.028083028083028084 0.040293040293040296
1 0.5433455433455433 0.30952380952380953 0.02197802197802198 0.03663003663003663
1 0.5964590964590964 0.28296703296703296 0.03540903540903541 0.04212454212454213
1 0.6001221001221001 0.23626373626373626 0.028083028083028084 0.03296703296703297
1 0.71001221001221 0.1987179487179487 0.030525030525030524 0.04212454212454213
1 0.9029304029304029 0.054945054945054944 0.028083028083028084 0.040293040293040296
