0 0.818070818070818 0.0924908424908425 0.03663003663003663 0.06043956043956044
0 0.9102564102564102 0.027472527472527472 0.047619047619047616 0.05128205128205128
0 0.826007326007326 0.038461538461538464 0.03296703296703297 0.05128205128205128
0 0.05616605616605617 0.10256410256410256 0.0463980463980464 0.05860805860805861
0 0.2081807081807082 0.12545787545787546 0.054945054945054944 0.06776556776556776
0 0.12393162393162394 0.0989010989010989 0.042735042735042736 0.06227106227106227
0 0.10866910866910867 0.29212454212454214 0.03663003663003663 0.045787545787545784
0 0.8070818070818071 0.7527472527472527 0.03663003663003663 0.05128205128205128
0 0.25335775335775335 0.16666666666666666 0.03785103785103785 0.06227106227106227
0 0.018315018315018316 0.15018315018315018 0.03418803418803419 0.0695970695970696
0 0.09768009768009768 0.7032967032967034 0.04884004884004884 0.06227106227106227
0 0.13064713064713065 0.8305860805860806 0.03907203907203907 0.06043956043956044
0 0.1617826617826618 0.7564102564102564 0.042735042735042736 0.06227106227106227
0 0.023809523809523808 0.8525641025641025 0.045177045177045176 0.07509157509157509
0 0.1330891330891331 0.9377289377289377 0.04884004884004884 0.054945054945054944
0 0.17582417582417584 0.18223443223443223 0.03663003663003663 0.06043956043956044
0 0.09584859584859586 0.6510989010989011 0.047619047619047616 0.05311355311355311
0 0.15079365079365079 0.8388278388278388 0.040293040293040296 0.05860805860805861
