0 0.5421245421245421 0.4010989010989011 0.04395604395604396 0.0695970695970696
0 0.5347985347985348 0.4523809523809524 0.04151404151404151 0.06227106227106227
0 0.5427350427350427 0.3131868131868132 0.040293040293040296 0.0695970695970696
0 0.5763125763125763 0.3324175824175824 0.03907203907203907 0.06043956043956044
0 0.6062271062271062 0.40476190476190477 0.045177045177045176 0.05860805860805861
0 0.6379731379731379 0.38278388278388276 0.045177045177045176 0.06593406593406594
0 0.605006105006105 0.4542124542124542 0.054945054945054944 0.06593406593406594
0 0.63003663003663 0.09981684981684982 0.03907203907203907 0.056776556776556776
0 0.5995115995115995 0.1620879120879121 0.04395604395604396 0.0641025641025641
0 0.7087912087912088 0.18315018315018314 0.042735042735042736 0.06593406593406594
0 0.6691086691086691 0.28205128205128205 0.0463980463980464 0.06227106227106227
