0 0.5183150183150184 0.03388278388278388 0.045177045177045176 0.0641025641025641
0 0.08913308913308914 0.2316849816849817 0.05128205128205128 0.08608058608058608
0 0.34004884004884006 0.20695970695970695 0.047619047619047616 0.07326007326007326
0 0.15445665445665446 0.18772893772893773 0.052503052503052504 0.056776556776556776
0 0.15262515262515264 0.2774725274725275 0.05372405372405373 0.07875457875457875
0 0.1807081807081807 0.2875457875457875 0.03907203907203907 0.06227106227106227
0 0.21794871794871795 0.2783882783882784 0.050061050061050064 0.07326007326007326
0 0.05311355311355311 0.37545787545787546 0.054945054945054944 0.08424908424908426
0 0.11843711843711843 0.32875457875457875 0.04395604395604396 0.06043956043956044
0 0.19474969474969475 0.3965201465201465 0.050061050061050064 0.056776556776556776
0 0.14774114774114774 0.3974358974358974 0.0463980463980464 0.0695970695970696
0 0.05311355311355311 0.4945054945054945 0.05982905982905983 0.0695970695970696
0 0.15384615384615385 0.45695970695970695 0.05372405372405373 0.05311355311355311
0 0.1514041514041514 0.510989010989011 0.05616605616605617 0.06227106227106227
0 0.20146520146520147 0.5018315018315018 0.0463980463980464 0.0695970695970696
0 0.25518925518925517 0.46794871794871795 0.05128205128205128 0.07142857142857142
0 0.3028083028083028 0.4139194139194139 0.0463980463980464 0.07326007326007326
0 0.34065934065934067 0.4084249084249084 0.05616605616605617 0.06593406593406594
0 0.3241758241758242 0.47985347985347987 0.045177045177045176 0.07692307692307693
0 0.21855921855921856 0.5668498168498168 0.04395604395604396 0.07509157509157509
0 0.2875457875457875 0.5686813186813187 0.050061050061050064 0.07142857142857142
0 0.08791208791208792 0.5998168498168498 0.04395604395604396 0.05311355311355311
0 0.21794871794871795 0.045787545787545784 0.03785103785103785 0.06227106227106227
0 0.6617826617826618 0.18315018315018314 0.0463980463980464 0.08058608058608059
0 0.7380952380952381 0.28296703296703296 0.040293040293040296 0.0641025641025641
0 0.5757020757020757 0.5531135531135531 0.045177045177045176 0.06593406593406594
0 0.08241758241758242 0.8681318681318682 0.045177045177045176 0.05128205128205128
0 0.07753357753357754 0.9331501831501832 0.042735042735042736 0.04945054945054945
0 0.9499389499389499 0.33974358974358976 0.03907203907203907 0.07142857142857142
0 0.9035409035409036 0.04304029304029304 0.04884004884004884 0.06776556776556776
1 0.4597069597069597 0.11904761904761904 0.042735042735042736 0.05128205128205128
1 0.8449328449328449 0.21062271062271062 0.03418803418803419 0.040293040293040296
1 0.6221001221001221 0.5119047619047619 0.03296703296703297 0.045787545787545784
1 0.9224664224664225 0.41208791208791207 0.03785103785103785 0.04395604395604396
1 0.924908424908425 0.4523809523809524 0.03296703296703297 0.040293040293040296
0 0.8199023199023199 0.5934065934065934 0.03540903540903541 0.05128205128205128
