0 0.07448107448107448 0.8489010989010989 0.0463980463980464 0.07509157509157509
0 0.11904761904761904 0.8434065934065934 0.052503052503052504 0.07142857142857142
0 0.4444444444444444 0.6190476190476191 0.06105006105006105 0.06227106227106227
0 0.5177045177045178 0.6062271062271062 0.05372405372405373 0.0695970695970696
0 0.5421245421245421 0.48534798534798534 0.03907203907203907 0.06593406593406594
0 0.6361416361416361 0.37454212454212454 0.0463980463980464 0.056776556776556776
0 0.645909645909646 0.4340659340659341 0.04395604395604396 0.054945054945054944
0 0.5811965811965812 0.5421245421245421 0.04884004884004884 0.06593406593406594
0 0.666056166056166 0.5741758241758241 0.045177045177045176 0.06776556776556776
0 0.4297924297924298 0.25274725274725274 0.0463980463980464 0.06227106227106227
0 0.4987789987789988 0.24267399267399267 0.03785103785103785 0.056776556776556776
0 0.5317460317460317 0.25 0.03785103785103785 0.0641025641025641
0 0.3046398046398046 0.6840659340659341 0.057387057387057384 0.07142857142857142
0 0.21733821733821734 0.6181318681318682 0.0463980463980464 0.0641025641025641
0 0.42857142857142855 0.7967032967032966 0.05616605616605617 0.0695970695970696
0 0.48717948717948717 0.7866300366300366 0.0463980463980464 0.07509157509157509
0 0.6446886446886447 0.8076923076923077 0.05372405372405373 0.07326007326007326
0 0.699023199023199 0.7967032967032966 0.050061050061050064 0.06593406593406594
0 0.7582417582417582 0.8122710622710623 0.05616605616605617 0.0641025641025641
0 0.3241758241758242 0.967948717948718 0.045177045177045176 0.06043956043956044
0 0.7454212454212454 0.913003663003663 0.03785103785103785 0.0641025641025641
0 0.782051282051282 0.9139194139194139 0.042735042735042736 0.0695970695970696
