1 0.22283272283272285 0.19505494505494506 0.02564102564102564 0.038461538461538464
1 0.15262515262515264 0.3772893772893773 0.026862026862026864 0.03296703296703297
1 0.04456654456654457 0.5503663003663004 0.03540903540903541 0.04212454212454213
1 0.16361416361416362 0.5256410256410257 0.029304029304029304 0.03663003663003663
1 0.15873015873015872 0.5714285714285714 0.029304029304029304 0.040293040293040296
1 0.152014652014652 0.6978021978021978 0.0231990231990232 0.03663003663003663
1 0.14957264957264957 0.7271062271062271 0.030525030525030524 0.040293040293040296
1 0.026251526251526252 0.8406593406593407 0.028083028083028084 0.03663003663003663
1 0.05311355311355311 0.9038461538461539 0.028083028083028084 0.04212454212454213
1 0.021367521367521368 0.8855311355311355 0.02564102564102564 0.0347985347985348
1 0.022588522588522588 0.9184981684981685 0.028083028083028084 0.04212454212454213
1 0.11660561660561661 0.9212454212454212 0.030525030525030524 0.03663003663003663
1 0.19047619047619047 0.47893772893772896 0.031746031746031744 0.056776556776556776
1 0.221001221001221 0.4807692307692308 0.02442002442002442 0.04945054945054945
1 0.24114774114774115 0.4697802197802198 0.028083028083028084 0.04945054945054945
1 0.27289377289377287 0.45695970695970695 0.03785103785103785 0.04945054945054945
1 0.31074481074481075 0.46886446886446886 0.02564102564102564 0.03663003663003663
1 0.2973137973137973 0.5 0.03296703296703297 0.03663003663003663
1 0.2979242979242979 0.5924908424908425 0.03663003663003663 0.045787545787545784
1 0.29181929181929184 0.6282051282051282 0.03418803418803419 0.040293040293040296
1 0.2863247863247863 0.6620879120879121 0.03296703296703297 0.038461538461538464
1 0.4242979242979243 0.5924908424908425 0.03296703296703297 0.04212454212454213
1 0.49633699633699635 0.4990842490842491 0.030525030525030524 0.0347985347985348
1 0.46642246642246643 0.49725274725274726 0.026862026862026864 0.04212454212454213
1 0.36324786324786323 0.25274725274725274 0.03540903540903541 0.047619047619047616
1 0.2967032967032967 0.35714285714285715 0.02197802197802198 0.03663003663003663
1 0.7234432234432234 0.5402930402930403 0.030525030525030524 0.047619047619047616
1 0.7680097680097681 0.5448717948717948 0.04395604395604396 0.04945054945054945
1 0.826007326007326 0.6364468864468864 0.03296703296703297 0.056776556776556776
1 0.8205128205128205 0.6858974358974359 0.031746031746031744 0.045787545787545784
1 0.8290598290598291 0.5860805860805861 0.02442002442002442 0.040293040293040296
1 0.8663003663003663 0.12728937728937728 0.030525030525030524 0.06043956043956044
1 0.3363858363858364 0.23809523809523808 0.018315018315018316 0.029304029304029304
0 0.07997557997557997 0.09798534798534798 0.03540903540903541 0.05311355311355311
0 0.08669108669108669 0.16391941391941392 0.03663003663003663 0.06043956043956044
0 0.10012210012210013 0.22802197802197802 0.03907203907203907 0.0641025641025641
0 0.10866910866910867 0.29395604395604397 0.03907203907203907 0.056776556776556776
0 0.023809523809523808 0.2326007326007326 0.045177045177045176 0.054945054945054944
0 0.020146520146520148 0.17582417582417584 0.03785103785103785 0.05128205128205128
0 0.21184371184371184 0.037545787545787544 0.03785103785103785 0.04212454212454213
0 0.20695970695970695 0.09523809523809523 0.042735042735042736 0.05860805860805861
0 0.2948717948717949 0.8708791208791209 0.047619047619047616 0.06043956043956044
0 0.2967032967032967 0.9267399267399268 0.03418803418803419 0.040293040293040296
0 0.3443223443223443 0.9093406593406593 0.0463980463980464 0.0641025641025641
0 0.44993894993894995 0.8772893772893773 0.047619047619047616 0.07692307692307693
0 0.4462759462759463 0.9514652014652014 0.045177045177045176 0.06776556776556776
0 0.5604395604395604 0.8672161172161172 0.05128205128205128 0.056776556776556776
0 0.561050061050061 0.8031135531135531 0.050061050061050064 0.07509157509157509
0 0.557997557997558 0.9432234432234432 0.04395604395604396 0.0695970695970696
0 0.5695970695970696 0.6675824175824175 0.045177045177045176 0.0641025641025641
0 0.6373626373626373 0.6373626373626373 0.05860805860805861 0.07692307692307693
0 0.7442002442002442 0.20604395604395603 0.052503052503052504 0.07142857142857142
0 0.7222222222222222 0.11721611721611722 0.040293040293040296 0.06593406593406594
0 0.6947496947496947 0.04395604395604396 0.05372405372405373 0.06593406593406594
0 0.6172161172161172 0.7435897435897436 0.047619047619047616 0.054945054945054944
0 0.663003663003663 0.7536630036630036 0.04395604395604396 0.06043956043956044
0 0.663003663003663 0.8205128205128205 0.05372405372405373 0.06593406593406594
0 0.7606837606837606 0.8388278388278388 0.05616605616605617 0.0695970695970696
0 0.7173382173382173 0.7115384615384616 0.040293040293040296 0.056776556776556776
0 0.7503052503052503 0.7078754578754579 0.047619047619047616 0.04945054945054945
0 0.9236874236874237 0.3617216117216117 0.045177045177045176 0.07142857142857142
0 0.8791208791208791 0.4056776556776557 0.03663003663003663 0.045787545787545784
0 0.8931623931623932 0.4606227106227106 0.045177045177045176 0.056776556776556776
